------Poblacion inicial---------
Original
#1 x(8.21113,-5.86256) v(0.246661 , 0.111704) fit= 141.454
#2 x(6.54225,5.17909) v(0.68532 , 0.413877) fit= 273.941
#3 x(-7.12525,3.3627) v(0.315497 , 0.774289) fit= 307.18
#4 x(-6.2368,4.31545) v(0.951053 , 0.24976) fit= 194.351
Ordenado
#1 x(8.21113,-5.86256) v(0.246661 , 0.111704) fit= 141.454
#2 x(-6.2368,4.31545) v(0.951053 , 0.24976) fit= 194.351
#3 x(6.54225,5.17909) v(0.68532 , 0.413877) fit= 273.941
#4 x(-7.12525,3.3627) v(0.315497 , 0.774289) fit= 307.18
--------Iteracion 1 -----------
Mejor: x(8.21113 , -5.86256) fit= 141.454
W= 0.304684

rand1 = 0.606104rand2 = 0.840299
0.304684*0.246661+2*0.606104*(8.21113-8.21113) +2*0.840299*(8.21113-8.21113)
0.304684*0.111704+2*0.606104*(-5.86256--5.86256) +2*0.840299*(-5.86256--5.86256)
v1 =0.246661  v2= 0.111704
x1= 8.28629   x2 =  -5.82852

rand1 = 0.791795rand2 = 0.354057
0.304684*0.951053+2*0.791795*(-6.2368--6.2368) +2*0.354057*(8.21113--6.2368)
0.304684*0.24976+2*0.791795*(4.31545-4.31545) +2*0.354057*(-5.86256-4.31545)
v1 =0.951053  v2= 0.24976
x1= 4.28375   x2 =  -2.81564

rand1 = 0.862938rand2 = 0.0302342
0.304684*0.68532+2*0.862938*(6.54225-6.54225) +2*0.0302342*(8.21113-6.54225)
0.304684*0.413877+2*0.862938*(5.17909-5.17909) +2*0.0302342*(-5.86256-5.17909)
v1 =0.68532  v2= 0.413877
x1= 6.85197   x2 =  4.63752

rand1 = 0.577244rand2 = 0.802536
0.304684*0.315497+2*0.577244*(-7.12525--7.12525) +2*0.802536*(8.21113--7.12525)
0.304684*0.774289+2*0.577244*(3.3627-3.3627) +2*0.802536*(-5.86256-3.3627)
v1 =0.315497  v2= 0.774289
x1= 17.5869   x2 =  -11.2086
Original
#1 x(8.28629,-5.82852) v(0.0751537 , 0.0340344) fit= 140.547
#2 x(4.28375,-2.81564) v(10.5206 , -7.13109) fit= 70.2466
#3 x(6.85197,4.63752) v(0.309721 , -0.541568) fit= 261.297
#4 x(-7.12525,3.3627) v(0.315497 , 0.774289) fit= 307.18
Ordenado
#1 x(4.28375,-2.81564) v(10.5206 , -7.13109) fit= 70.2466
#2 x(8.28629,-5.82852) v(0.0751537 , 0.0340344) fit= 140.547
#3 x(6.85197,4.63752) v(0.309721 , -0.541568) fit= 261.297
#4 x(-7.12525,3.3627) v(0.315497 , 0.774289) fit= 307.18
--------Iteracion 2 -----------
Mejor: x(4.28375 , -2.81564) fit= 70.2466
W= 0.709496

rand1 = 0.493646rand2 = 0.713092
0.709496*10.5206+2*0.493646*(-6.2368-4.28375) +2*0.713092*(4.28375-4.28375)
0.709496*-7.13109+2*0.493646*(4.31545--2.81564) +2*0.713092*(-2.81564--2.81564)
v1 =10.5206  v2= -7.13109
x1= 1.3612   x2 =  -0.83466

rand1 = 0.916368rand2 = 0.911858
0.709496*0.0751537+2*0.916368*(8.21113-8.28629) +2*0.911858*(4.28375-8.28629)
0.709496*0.0340344+2*0.916368*(-5.86256--5.82852) +2*0.911858*(-2.81564--5.82852)
v1 =0.0751537  v2= 0.0340344
x1= 0.902387   x2 =  -0.37211

rand1 = 0.959753rand2 = 0.0280721
0.709496*0.309721+2*0.959753*(6.54225-6.85197) +2*0.0280721*(4.28375-6.85197)
0.709496*-0.541568+2*0.959753*(5.17909-4.63752) +2*0.0280721*(-2.81564-4.63752)
v1 =0.309721  v2= -0.541568
x1= 6.33302   x2 =  4.87437

rand1 = 0.738971rand2 = 0.718708
0.709496*0.315497+2*0.738971*(-7.12525--7.12525) +2*0.718708*(4.28375--7.12525)
0.709496*0.774289+2*0.738971*(3.3627-3.3627) +2*0.718708*(-2.81564-3.3627)
v1 =0.315497  v2= 0.774289
x1= 9.49807   x2 =  -4.96879
Original
#1 x(1.3612,-0.83466) v(-2.92256 , 1.98098) fit= 63.0949
#2 x(0.902387,-0.37211) v(-7.3839 , 5.45641) fit= 59.5366
#3 x(6.33302,4.87437) v(-0.518957 , 0.236851) fit= 239.74
#4 x(9.49807,-4.96879) v(16.6233 , -8.33149) fit= 136.839
Ordenado
#1 x(0.902387,-0.37211) v(-7.3839 , 5.45641) fit= 59.5366
#2 x(1.3612,-0.83466) v(-2.92256 , 1.98098) fit= 63.0949
#3 x(9.49807,-4.96879) v(16.6233 , -8.33149) fit= 136.839
#4 x(6.33302,4.87437) v(-0.518957 , 0.236851) fit= 239.74
--------Iteracion 3 -----------
Mejor: x(0.902387 , -0.37211) fit= 59.5366
W= 0.734387

rand1 = 0.424291rand2 = 0.132585
0.734387*-7.3839+2*0.424291*(8.28629-0.902387) +2*0.132585*(0.902387-0.902387)
0.734387*5.45641+2*0.424291*(-5.82852--0.37211) +2*0.132585*(-0.37211--0.37211)
v1 =-7.3839  v2= 5.45641
x1= 1.7456   x2 =  -0.99521

rand1 = 0.878125rand2 = 0.0924265
0.734387*-2.92256+2*0.878125*(4.28375-1.3612) +2*0.0924265*(0.902387-1.3612)
0.734387*1.98098+2*0.878125*(-2.81564--0.83466) +2*0.0924265*(-0.37211--0.83466)
v1 =-2.92256  v2= 1.98098
x1= 4.26284   x2 =  -2.77345

rand1 = 0.130001rand2 = 0.193622
0.734387*16.6233+2*0.130001*(-7.12525-9.49807) +2*0.193622*(0.902387-9.49807)
0.734387*-8.33149+2*0.130001*(3.3627--4.96879) +2*0.193622*(-0.37211--4.96879)
v1 =16.6233  v2= -8.33149
x1= 14.0553   x2 =  -7.14109

rand1 = 0.866716rand2 = 0.318161
0.734387*-0.518957+2*0.866716*(6.85197-6.33302) +2*0.318161*(0.902387-6.33302)
0.734387*0.236851+2*0.866716*(4.63752-4.87437) +2*0.318161*(-0.37211-4.87437)
v1 =-0.518957  v2= 0.236851
x1= 3.39585   x2 =  1.29929
Original
#1 x(1.7456,-0.99521) v(0.84321 , -0.623099) fit= 58.7575
#2 x(4.26284,-2.77345) v(2.90164 , -1.93879) fit= 69.1915
#3 x(9.49807,-4.96879) v(16.6233 , -8.33149) fit= 136.839
#4 x(3.39585,1.29929) v(-2.93717 , -3.57508) fit= 10.5654
Ordenado
#1 x(3.39585,1.29929) v(-2.93717 , -3.57508) fit= 10.5654
#2 x(1.7456,-0.99521) v(0.84321 , -0.623099) fit= 58.7575
#3 x(4.26284,-2.77345) v(2.90164 , -1.93879) fit= 69.1915
#4 x(9.49807,-4.96879) v(16.6233 , -8.33149) fit= 136.839
--------Iteracion 4 -----------
Mejor: x(3.39585 , 1.29929) fit= 10.5654
W= 0.909394

rand1 = 0.0648929rand2 = 0.269215
0.909394*-2.93717+2*0.0648929*(6.33302-3.39585) +2*0.269215*(3.39585-3.39585)
0.909394*-3.57508+2*0.0648929*(4.87437-1.29929) +2*0.269215*(1.29929-1.29929)
v1 =-2.93717  v2= -3.57508
x1= 1.106   x2 =  -1.48787

rand1 = 0.159154rand2 = 0.369577
0.909394*0.84321+2*0.159154*(0.902387-1.7456) +2*0.369577*(3.39585-1.7456)
0.909394*-0.623099+2*0.159154*(-0.37211--0.99521) +2*0.369577*(1.29929--0.99521)
v1 =0.84321  v2= -0.623099
x1= 3.4638   x2 =  0.332477

rand1 = 0.875319rand2 = 0.999453
0.909394*2.90164+2*0.875319*(1.3612-4.26284) +2*0.999453*(3.39585-4.26284)
0.909394*-1.93879+2*0.875319*(-0.83466--2.77345) +2*0.999453*(1.29929--2.77345)
v1 =2.90164  v2= -1.93879
x1= 0.0888205   x2 =  6.99857

rand1 = 0.161373rand2 = 0.229376
0.909394*16.6233+2*0.161373*(-7.12525-9.49807) +2*0.229376*(3.39585-9.49807)
0.909394*-8.33149+2*0.161373*(3.3627--4.96879) +2*0.229376*(1.29929--4.96879)
v1 =16.6233  v2= -8.33149
x1= 16.4507   x2 =  -6.98095
Original
#1 x(1.106,-1.48787) v(-2.28984 , -2.78716) fit= 96.955
#2 x(3.4638,0.332477) v(1.7182 , 1.32769) fit= 13.352
#3 x(0.0888205,6.99857) v(-4.17402 , 9.77201) fit= 54.9467
#4 x(9.49807,-4.96879) v(16.6233 , -8.33149) fit= 136.839
Ordenado
#1 x(3.4638,0.332477) v(1.7182 , 1.32769) fit= 13.352
#2 x(0.0888205,6.99857) v(-4.17402 , 9.77201) fit= 54.9467
#3 x(1.106,-1.48787) v(-2.28984 , -2.78716) fit= 96.955
#4 x(9.49807,-4.96879) v(16.6233 , -8.33149) fit= 136.839
--------Iteracion 5 -----------
Mejor: x(3.4638 , 0.332477) fit= 13.352
W= 0.86239

rand1 = 0.191607rand2 = 0.80662
0.86239*1.7182+2*0.191607*(1.7456-3.4638) +2*0.80662*(3.4638-3.4638)
0.86239*1.32769+2*0.191607*(-0.99521-0.332477) +2*0.80662*(0.332477-0.332477)
v1 =1.7182  v2= 1.32769
x1= 4.28712   x2 =  0.968674

rand1 = 0.664926rand2 = 0.901103
0.86239*-4.17402+2*0.664926*(4.26284-0.0888205) +2*0.901103*(3.4638-0.0888205)
0.86239*9.77201+2*0.664926*(-2.77345-6.99857) +2*0.901103*(0.332477-6.99857)
v1 =-4.17402  v2= 9.77201
x1= 8.12242   x2 =  -9.58315

rand1 = 0.300265rand2 = 0.378019
0.86239*-2.28984+2*0.300265*(3.39585-1.106) +2*0.378019*(3.4638-1.106)
0.86239*-2.78716+2*0.300265*(1.29929--1.48787) +2*0.378019*(0.332477--1.48787)
v1 =-2.28984  v2= -2.78716
x1= 2.28897   x2 =  -0.841463

rand1 = 0.817472rand2 = 0.212124
0.86239*16.6233+2*0.817472*(-7.12525-9.49807) +2*0.212124*(3.4638-9.49807)
0.86239*-8.33149+2*0.817472*(3.3627--4.96879) +2*0.212124*(0.332477--4.96879)
v1 =16.6233  v2= -8.33149
x1= -5.90434   x2 =  3.71678
Original
#1 x(4.28712,0.968674) v(0.823321 , 0.636197) fit= 21.2395
#2 x(0.0888205,6.99857) v(-4.17402 , 9.77201) fit= 54.9467
#3 x(1.106,-1.48787) v(-2.28984 , -2.78716) fit= 96.955
#4 x(-5.90434,3.71678) v(-15.4024 , 8.68557) fit= 201.328
Ordenado
#1 x(4.28712,0.968674) v(0.823321 , 0.636197) fit= 21.2395
#2 x(0.0888205,6.99857) v(-4.17402 , 9.77201) fit= 54.9467
#3 x(1.106,-1.48787) v(-2.28984 , -2.78716) fit= 96.955
#4 x(-5.90434,3.71678) v(-15.4024 , 8.68557) fit= 201.328
--------Iteracion 6 -----------
Mejor: x(4.28712 , 0.968674) fit= 21.2395
W= 0.337772

rand1 = 0.845544rand2 = 0.951095
0.337772*0.823321+2*0.845544*(3.4638-4.28712) +2*0.951095*(4.28712-4.28712)
0.337772*0.636197+2*0.845544*(0.332477-0.968674) +2*0.951095*(0.968674-0.968674)
v1 =0.823321  v2= 0.636197
x1= 3.1729   x2 =  0.107699

rand1 = 0.0564799rand2 = 0.579931
0.337772*-4.17402+2*0.0564799*(4.26284-0.0888205) +2*0.579931*(4.28712-0.0888205)
0.337772*9.77201+2*0.0564799*(-2.77345-6.99857) +2*0.579931*(0.968674-6.99857)
v1 =-4.17402  v2= 9.77201
x1= 4.01989   x2 =  2.2016

rand1 = 0.375386rand2 = 0.189065
0.337772*-2.28984+2*0.375386*(3.39585-1.106) +2*0.189065*(4.28712-1.106)
0.337772*-2.78716+2*0.375386*(1.29929--1.48787) +2*0.189065*(0.968674--1.48787)
v1 =-2.28984  v2= -2.78716
x1= 3.25458   x2 =  0.59212

rand1 = 0.458055rand2 = 0.467812
0.337772*-15.4024+2*0.458055*(9.49807--5.90434) +2*0.467812*(4.28712--5.90434)
0.337772*8.68557+2*0.458055*(-4.96879-3.71678) +2*0.467812*(0.968674-3.71678)
v1 =-15.4024  v2= 8.68557
x1= 12.5389   x2 =  -3.87762
Original
#1 x(4.28712,0.968674) v(0.823321 , 0.636197) fit= 21.2395
#2 x(4.01989,2.2016) v(3.93107 , -4.79697) fit= 29.4973
#3 x(1.106,-1.48787) v(-2.28984 , -2.78716) fit= 96.955
#4 x(-5.90434,3.71678) v(-15.4024 , 8.68557) fit= 201.328
Ordenado
#1 x(4.28712,0.968674) v(0.823321 , 0.636197) fit= 21.2395
#2 x(4.01989,2.2016) v(3.93107 , -4.79697) fit= 29.4973
#3 x(1.106,-1.48787) v(-2.28984 , -2.78716) fit= 96.955
#4 x(-5.90434,3.71678) v(-15.4024 , 8.68557) fit= 201.328
--------Iteracion 7 -----------
Mejor: x(4.28712 , 0.968674) fit= 21.2395
W= 0.319066

rand1 = 0.651677rand2 = 0.334528
0.319066*0.823321+2*0.651677*(3.4638-4.28712) +2*0.334528*(4.28712-4.28712)
0.319066*0.636197+2*0.651677*(0.332477-0.968674) +2*0.334528*(0.968674-0.968674)
v1 =0.823321  v2= 0.636197
x1= 3.47673   x2 =  0.342473

rand1 = 0.637227rand2 = 0.561071
0.319066*3.93107+2*0.637227*(0.0888205-4.01989) +2*0.561071*(4.28712-4.01989)
0.319066*-4.79697+2*0.637227*(6.99857-2.2016) +2*0.561071*(0.968674-2.2016)
v1 =3.93107  v2= -4.79697
x1= 0.564055   x2 =  5.40105

rand1 = 0.399421rand2 = 0.906442
0.319066*-2.28984+2*0.399421*(3.39585-1.106) +2*0.906442*(4.28712-1.106)
0.319066*-2.78716+2*0.399421*(1.29929--1.48787) +2*0.906442*(0.968674--1.48787)
v1 =-2.28984  v2= -2.78716
x1= 7.9716   x2 =  4.30277

rand1 = 0.720225rand2 = 0.768998
0.319066*-15.4024+2*0.720225*(9.49807--5.90434) +2*0.768998*(4.28712--5.90434)
0.319066*8.68557+2*0.720225*(-4.96879-3.71678) +2*0.768998*(0.968674-3.71678)
v1 =-15.4024  v2= 8.68557
x1= 27.0421   x2 =  -10.2496
Original
#1 x(3.47673,0.342473) v(-0.810385 , -0.626201) fit= 13.3274
#2 x(0.564055,5.40105) v(-3.45584 , 3.19946) fit= 21.4017
#3 x(1.106,-1.48787) v(-2.28984 , -2.78716) fit= 96.955
#4 x(-5.90434,3.71678) v(-15.4024 , 8.68557) fit= 201.328
Ordenado
#1 x(3.47673,0.342473) v(-0.810385 , -0.626201) fit= 13.3274
#2 x(0.564055,5.40105) v(-3.45584 , 3.19946) fit= 21.4017
#3 x(1.106,-1.48787) v(-2.28984 , -2.78716) fit= 96.955
#4 x(-5.90434,3.71678) v(-15.4024 , 8.68557) fit= 201.328
--------Iteracion 8 -----------
Mejor: x(3.47673 , 0.342473) fit= 13.3274
W= 0.781761

rand1 = 0.719677rand2 = 0.930371
0.781761*-0.810385+2*0.719677*(4.28712-3.47673) +2*0.930371*(3.47673-3.47673)
0.781761*-0.626201+2*0.719677*(0.968674-0.342473) +2*0.930371*(0.342473-0.342473)
v1 =-0.810385  v2= -0.626201
x1= 4.00964   x2 =  0.754259

rand1 = 0.0111367rand2 = 0.582068
0.781761*-3.45584+2*0.0111367*(4.01989-0.564055) +2*0.582068*(3.47673-0.564055)
0.781761*3.19946+2*0.0111367*(2.2016-5.40105) +2*0.582068*(0.342473-5.40105)
v1 =-3.45584  v2= 3.19946
x1= 1.33014   x2 =  1.94213

rand1 = 0.121978rand2 = 0.817756
0.781761*-2.28984+2*0.121978*(3.39585-1.106) +2*0.817756*(3.47673-1.106)
0.781761*-2.78716+2*0.121978*(1.29929--1.48787) +2*0.817756*(0.342473--1.48787)
v1 =-2.28984  v2= -2.78716
x1= 3.75187   x2 =  0.00673044

rand1 = 0.246994rand2 = 0.0230813
0.781761*-15.4024+2*0.246994*(9.49807--5.90434) +2*0.0230813*(3.47673--5.90434)
0.781761*8.68557+2*0.246994*(-4.96879-3.71678) +2*0.0230813*(0.342473-3.71678)
v1 =-15.4024  v2= 8.68557
x1= -9.90369   x2 =  6.06048
Original
#1 x(4.00964,0.754259) v(0.532904 , 0.411786) fit= 16.4354
#2 x(1.33014,1.94213) v(0.766085 , -3.45892) fit= 3.34644
#3 x(1.106,-1.48787) v(-2.28984 , -2.78716) fit= 96.955
#4 x(-5.90434,3.71678) v(-15.4024 , 8.68557) fit= 201.328
Ordenado
#1 x(1.33014,1.94213) v(0.766085 , -3.45892) fit= 3.34644
#2 x(4.00964,0.754259) v(0.532904 , 0.411786) fit= 16.4354
#3 x(1.106,-1.48787) v(-2.28984 , -2.78716) fit= 96.955
#4 x(-5.90434,3.71678) v(-15.4024 , 8.68557) fit= 201.328
--------Iteracion 9 -----------
Mejor: x(1.33014 , 1.94213) fit= 3.34644
W= 0.118022

rand1 = 0.625013rand2 = 0.840553
0.118022*0.766085+2*0.625013*(0.564055-1.33014) +2*0.840553*(1.33014-1.33014)
0.118022*-3.45892+2*0.625013*(5.40105-1.94213) +2*0.840553*(1.94213-1.94213)
v1 =0.766085  v2= -3.45892
x1= 0.462929   x2 =  5.85764

rand1 = 0.330146rand2 = 0.962785
0.118022*0.532904+2*0.330146*(3.47673-4.00964) +2*0.962785*(1.33014-4.00964)
0.118022*0.411786+2*0.330146*(0.342473-0.754259) +2*0.962785*(1.94213-0.754259)
v1 =0.532904  v2= 0.411786
x1= -1.4389   x2 =  2.81829

rand1 = 0.686097rand2 = 0.28124
0.118022*-2.28984+2*0.686097*(3.39585-1.106) +2*0.28124*(1.33014-1.106)
0.118022*-2.78716+2*0.686097*(1.29929--1.48787) +2*0.28124*(1.94213--1.48787)
v1 =-2.28984  v2= -2.78716
x1= 4.10393   x2 =  3.93702

rand1 = 0.0192647rand2 = 0.266028
0.118022*-15.4024+2*0.0192647*(9.49807--5.90434) +2*0.266028*(1.33014--5.90434)
0.118022*8.68557+2*0.0192647*(-4.96879-3.71678) +2*0.266028*(1.94213-3.71678)
v1 =-15.4024  v2= 8.68557
x1= -3.27958   x2 =  3.46301
Original
#1 x(1.33014,1.94213) v(0.766085 , -3.45892) fit= 3.34644
#2 x(4.00964,0.754259) v(0.532904 , 0.411786) fit= 16.4354
#3 x(1.106,-1.48787) v(-2.28984 , -2.78716) fit= 96.955
#4 x(-3.27958,3.46301) v(2.62477 , -0.253771) fit= 76.7941
Ordenado
#1 x(1.33014,1.94213) v(0.766085 , -3.45892) fit= 3.34644
#2 x(4.00964,0.754259) v(0.532904 , 0.411786) fit= 16.4354
#3 x(-3.27958,3.46301) v(2.62477 , -0.253771) fit= 76.7941
#4 x(1.106,-1.48787) v(-2.28984 , -2.78716) fit= 96.955
--------Iteracion 10 -----------
Mejor: x(1.33014 , 1.94213) fit= 3.34644
W= 0.656626

rand1 = 0.208329rand2 = 0.724083
0.656626*0.766085+2*0.208329*(0.564055-1.33014) +2*0.724083*(1.33014-1.33014)
0.656626*-3.45892+2*0.208329*(5.40105-1.94213) +2*0.724083*(1.94213-1.94213)
v1 =0.766085  v2= -3.45892
x1= 1.51398   x2 =  1.1121

rand1 = 0.124438rand2 = 0.527395
0.656626*0.532904+2*0.124438*(3.47673-4.00964) +2*0.527395*(1.33014-4.00964)
0.656626*0.411786+2*0.124438*(0.342473-0.754259) +2*0.527395*(1.94213-0.754259)
v1 =0.532904  v2= 0.411786
x1= 1.40062   x2 =  2.17512

rand1 = 0.37576rand2 = 0.458966
0.656626*2.62477+2*0.37576*(-5.90434--3.27958) +2*0.458966*(1.33014--3.27958)
0.656626*-0.253771+2*0.37576*(3.71678-3.46301) +2*0.458966*(1.94213-3.46301)
v1 =2.62477  v2= -0.253771
x1= 0.702758   x2 =  2.09103

rand1 = 0.164623rand2 = 0.936831
0.656626*-2.28984+2*0.164623*(3.39585-1.106) +2*0.936831*(1.33014-1.106)
0.656626*-2.78716+2*0.164623*(1.29929--1.48787) +2*0.936831*(1.94213--1.48787)
v1 =-2.28984  v2= -2.78716
x1= 0.776309   x2 =  4.02633
Original
#1 x(1.51398,1.1121) v(0.183835 , -0.830028) fit= 11.379
#2 x(1.40062,2.17512) v(-2.60902 , 1.42086) fit= 1.56091
#3 x(0.702758,2.09103) v(3.98234 , -1.37198) fit= 6.73441
#4 x(0.776309,4.02633) v(-0.329696 , 5.51419) fit= 3.68029
Ordenado
#1 x(1.40062,2.17512) v(-2.60902 , 1.42086) fit= 1.56091
#2 x(0.776309,4.02633) v(-0.329696 , 5.51419) fit= 3.68029
#3 x(0.702758,2.09103) v(3.98234 , -1.37198) fit= 6.73441
#4 x(1.51398,1.1121) v(0.183835 , -0.830028) fit= 11.379
--------Iteracion 11 -----------
Mejor: x(1.40062 , 2.17512) fit= 1.56091
W= 0.858387

rand1 = 0.0710645rand2 = 0.657056
0.858387*-2.60902+2*0.0710645*(4.00964-1.40062) +2*0.657056*(1.40062-1.40062)
0.858387*1.42086+2*0.0710645*(0.754259-2.17512) +2*0.657056*(2.17512-2.17512)
v1 =-2.60902  v2= 1.42086
x1= -0.468112   x2 =  3.19282

rand1 = 0.627386rand2 = 0.852825
0.858387*-0.329696+2*0.627386*(1.106-0.776309) +2*0.852825*(1.40062-0.776309)
0.858387*5.51419+2*0.627386*(-1.48787-4.02633) +2*0.852825*(2.17512-4.02633)
v1 =-0.329696  v2= 5.51419
x1= 1.97185   x2 =  -1.31692

rand1 = 0.376733rand2 = 0.557757
0.858387*3.98234+2*0.376733*(-3.27958-0.702758) +2*0.557757*(1.40062-0.702758)
0.858387*-1.37198+2*0.376733*(3.46301-2.09103) +2*0.557757*(2.17512-2.09103)
v1 =3.98234  v2= -1.37198
x1= 1.89906   x2 =  2.04088

rand1 = 0.863962rand2 = 0.958801
0.858387*0.183835+2*0.863962*(1.33014-1.51398) +2*0.958801*(1.40062-1.51398)
0.858387*-0.830028+2*0.863962*(1.94213-1.1121) +2*0.958801*(2.17512-1.1121)
v1 =0.183835  v2= -0.830028
x1= 1.13675   x2 =  3.87229
Original
#1 x(-0.468112,3.19282) v(-1.86873 , 1.0177) fit= 8.69796
#2 x(1.97185,-1.31692) v(1.19554 , -5.34325) fit= 64.3384
#3 x(1.89906,2.04088) v(1.19631 , -0.0501409) fit= 1.74264
#4 x(1.51398,1.1121) v(0.183835 , -0.830028) fit= 11.379
Ordenado
#1 x(1.89906,2.04088) v(1.19631 , -0.0501409) fit= 1.74264
#2 x(-0.468112,3.19282) v(-1.86873 , 1.0177) fit= 8.69796
#3 x(1.51398,1.1121) v(0.183835 , -0.830028) fit= 11.379
#4 x(1.97185,-1.31692) v(1.19554 , -5.34325) fit= 64.3384
--------Iteracion 12 -----------
Mejor: x(1.89906 , 2.04088) fit= 1.74264
W= 0.679735

rand1 = 0.681718rand2 = 0.205795
0.679735*1.19631+2*0.681718*(0.702758-1.89906) +2*0.205795*(1.89906-1.89906)
0.679735*-0.0501409+2*0.681718*(2.09103-2.04088) +2*0.205795*(2.04088-2.04088)
v1 =1.19631  v2= -0.0501409
x1= 1.08115   x2 =  2.07517

rand1 = 0.702816rand2 = 0.79974
0.679735*-1.86873+2*0.702816*(1.40062--0.468112) +2*0.79974*(1.89906--0.468112)
0.679735*1.0177+2*0.702816*(2.17512-3.19282) +2*0.79974*(2.04088-3.19282)
v1 =-1.86873  v2= 1.0177
x1= 4.67465   x2 =  0.61157

rand1 = 0.830808rand2 = 0.543369
0.679735*0.183835+2*0.830808*(1.33014-1.51398) +2*0.543369*(1.89906-1.51398)
0.679735*-0.830028+2*0.830808*(1.94213-1.1121) +2*0.543369*(2.04088-1.1121)
v1 =0.183835  v2= -0.830028
x1= 1.75196   x2 =  2.93643

rand1 = 0.129886rand2 = 0.793592
0.679735*1.19554+2*0.129886*(0.776309-1.97185) +2*0.793592*(1.89906-1.97185)
0.679735*-5.34325+2*0.129886*(4.02633--1.31692) +2*0.793592*(2.04088--1.31692)
v1 =1.19554  v2= -5.34325
x1= 2.35841   x2 =  1.76857
Original
#1 x(1.08115,2.07517) v(-0.817916 , 0.0342814) fit= 3.70913
#2 x(-0.468112,3.19282) v(-1.86873 , 1.0177) fit= 8.69796
#3 x(1.75196,2.93643) v(0.237987 , 1.82433) fit= 2.46504
#4 x(2.35841,1.76857) v(0.386558 , 3.08549) fit= 3.42619
Ordenado
#1 x(1.75196,2.93643) v(0.237987 , 1.82433) fit= 2.46504
#2 x(2.35841,1.76857) v(0.386558 , 3.08549) fit= 3.42619
#3 x(1.08115,2.07517) v(-0.817916 , 0.0342814) fit= 3.70913
#4 x(-0.468112,3.19282) v(-1.86873 , 1.0177) fit= 8.69796
--------Iteracion 13 -----------
Mejor: x(1.75196 , 2.93643) fit= 2.46504
W= 0.229466

rand1 = 0.411126rand2 = 0.812857
0.229466*0.237987+2*0.411126*(1.51398-1.75196) +2*0.812857*(1.75196-1.75196)
0.229466*1.82433+2*0.411126*(1.1121-2.93643) +2*0.812857*(2.93643-2.93643)
v1 =0.237987  v2= 1.82433
x1= 1.61089   x2 =  1.855

rand1 = 0.495494rand2 = 0.067752
0.229466*0.386558+2*0.495494*(1.97185-2.35841) +2*0.067752*(1.75196-2.35841)
0.229466*3.08549+2*0.495494*(-1.31692-1.76857) +2*0.067752*(2.93643-1.76857)
v1 =0.386558  v2= 3.08549
x1= 1.98186   x2 =  -0.422848

rand1 = 0.0211864rand2 = 0.219577
0.229466*-0.817916+2*0.0211864*(1.89906-1.08115) +2*0.219577*(1.75196-1.08115)
0.229466*0.0342814+2*0.0211864*(2.04088-2.07517) +2*0.219577*(2.93643-2.07517)
v1 =-0.817916  v2= 0.0342814
x1= 1.22271   x2 =  2.45981

rand1 = 0.19219rand2 = 0.548582
0.229466*-1.86873+2*0.19219*(1.40062--0.468112) +2*0.548582*(1.75196--0.468112)
0.229466*1.0177+2*0.19219*(2.17512-3.19282) +2*0.548582*(2.93643-3.19282)
v1 =-1.86873  v2= 1.0177
x1= 2.25717   x2 =  2.75386
Original
#1 x(1.61089,1.855) v(-0.141075 , -1.08144) fit= 2.82534
#2 x(1.98186,-0.422848) v(-0.376548 , -2.19142) fit= 36.5136
#3 x(1.22271,2.45981) v(0.141564 , 0.384642) fit= 0.744582
#4 x(-0.468112,3.19282) v(-1.86873 , 1.0177) fit= 8.69796
Ordenado
#1 x(1.22271,2.45981) v(0.141564 , 0.384642) fit= 0.744582
#2 x(1.61089,1.855) v(-0.141075 , -1.08144) fit= 2.82534
#3 x(-0.468112,3.19282) v(-1.86873 , 1.0177) fit= 8.69796
#4 x(1.98186,-0.422848) v(-0.376548 , -2.19142) fit= 36.5136
--------Iteracion 14 -----------
Mejor: x(1.22271 , 2.45981) fit= 0.744582
W= 0.595337

rand1 = 0.651157rand2 = 0.713205
0.595337*0.141564+2*0.651157*(1.08115-1.22271) +2*0.713205*(1.22271-1.22271)
0.595337*0.384642+2*0.651157*(2.07517-2.45981) +2*0.713205*(2.45981-2.45981)
v1 =0.141564  v2= 0.384642
x1= 1.12263   x2 =  2.18788

rand1 = 0.532168rand2 = 0.509544
0.595337*-0.141075+2*0.532168*(1.75196-1.61089) +2*0.509544*(1.22271-1.61089)
0.595337*-1.08144+2*0.532168*(2.93643-1.855) +2*0.509544*(2.45981-1.855)
v1 =-0.141075  v2= -1.08144
x1= 1.28147   x2 =  2.97855

rand1 = 0.784269rand2 = 0.189224
0.595337*-1.86873+2*0.784269*(1.40062--0.468112) +2*0.189224*(1.22271--0.468112)
0.595337*1.0177+2*0.784269*(2.17512-3.19282) +2*0.189224*(2.45981-3.19282)
v1 =-1.86873  v2= 1.0177
x1= 1.99043   x2 =  1.92499

rand1 = 0.13693rand2 = 0.637094
0.595337*-0.376548+2*0.13693*(2.35841-1.98186) +2*0.637094*(1.22271-1.98186)
0.595337*-2.19142+2*0.13693*(1.76857--0.422848) +2*0.637094*(2.45981--0.422848)
v1 =-0.376548  v2= -2.19142
x1= 0.89351   x2 =  2.54571
Original
#1 x(1.12263,2.18788) v(-0.100082 , -0.271933) fit= 2.5762
#2 x(1.28147,2.97855) v(-0.329421 , 1.12355) fit= 0.350109
#3 x(-0.468112,3.19282) v(-1.86873 , 1.0177) fit= 8.69796
#4 x(0.89351,2.54571) v(-1.08835 , 2.96856) fit= 1.47561
Ordenado
#1 x(1.28147,2.97855) v(-0.329421 , 1.12355) fit= 0.350109
#2 x(0.89351,2.54571) v(-1.08835 , 2.96856) fit= 1.47561
#3 x(1.12263,2.18788) v(-0.100082 , -0.271933) fit= 2.5762
#4 x(-0.468112,3.19282) v(-1.86873 , 1.0177) fit= 8.69796
--------Iteracion 15 -----------
Mejor: x(1.28147 , 2.97855) fit= 0.350109
W= 0.565957

rand1 = 0.694687rand2 = 0.501056
0.565957*-0.329421+2*0.694687*(1.61089-1.28147) +2*0.501056*(1.28147-1.28147)
0.565957*1.12355+2*0.694687*(1.855-2.97855) +2*0.501056*(2.97855-2.97855)
v1 =-0.329421  v2= 1.12355
x1= 1.55272   x2 =  2.0534

rand1 = 0.524758rand2 = 0.374422
0.565957*-1.08835+2*0.524758*(1.98186-0.89351) +2*0.374422*(1.28147-0.89351)
0.565957*2.96856+2*0.524758*(-0.422848-2.54571) +2*0.374422*(2.97855-2.54571)
v1 =-1.08835  v2= 2.96856
x1= 1.71031   x2 =  1.43437

rand1 = 0.182775rand2 = 0.730553
0.565957*-0.100082+2*0.182775*(1.22271-1.12263) +2*0.730553*(1.28147-1.12263)
0.565957*-0.271933+2*0.182775*(2.45981-2.18788) +2*0.730553*(2.97855-2.18788)
v1 =-0.100082  v2= -0.271933
x1= 1.33465   x2 =  3.28863

rand1 = 0.0772383rand2 = 0.982515
0.565957*-1.86873+2*0.0772383*(1.40062--0.468112) +2*0.982515*(1.28147--0.468112)
0.565957*1.0177+2*0.0772383*(2.17512-3.19282) +2*0.982515*(2.97855-3.19282)
v1 =-1.86873  v2= 1.0177
x1= 2.20091   x2 =  3.19053
Original
#1 x(1.55272,2.0534) v(0.271251 , -0.925151) fit= 1.82214
#2 x(1.71031,1.43437) v(0.8168 , -1.11135) fit= 5.88208
#3 x(1.12263,2.18788) v(-0.100082 , -0.271933) fit= 2.5762
#4 x(-0.468112,3.19282) v(-1.86873 , 1.0177) fit= 8.69796
Ordenado
#1 x(1.55272,2.0534) v(0.271251 , -0.925151) fit= 1.82214
#2 x(1.12263,2.18788) v(-0.100082 , -0.271933) fit= 2.5762
#3 x(1.71031,1.43437) v(0.8168 , -1.11135) fit= 5.88208
#4 x(-0.468112,3.19282) v(-1.86873 , 1.0177) fit= 8.69796
--------Iteracion 16 -----------
Mejor: x(1.55272 , 2.0534) fit= 1.82214
W= 0.56136

rand1 = 0.620608rand2 = 0.112401
0.56136*0.271251+2*0.620608*(1.28147-1.55272) +2*0.112401*(1.55272-1.55272)
0.56136*-0.925151+2*0.620608*(2.97855-2.0534) +2*0.112401*(2.0534-2.0534)
v1 =0.271251  v2= -0.925151
x1= 1.36831   x2 =  2.68236

rand1 = 0.354952rand2 = 0.850074
0.56136*-0.100082+2*0.354952*(1.22271-1.12263) +2*0.850074*(1.55272-1.12263)
0.56136*-0.271933+2*0.354952*(2.45981-2.18788) +2*0.850074*(2.0534-2.18788)
v1 =-0.100082  v2= -0.271933
x1= 1.86871   x2 =  1.99963

rand1 = 0.523527rand2 = 0.167809
0.56136*0.8168+2*0.523527*(0.89351-1.71031) +2*0.167809*(1.55272-1.71031)
0.56136*-1.11135+2*0.523527*(2.54571-1.43437) +2*0.167809*(2.0534-1.43437)
v1 =0.8168  v2= -1.11135
x1= 1.2607   x2 =  2.1819

rand1 = 0.345567rand2 = 0.591279
0.56136*-1.86873+2*0.345567*(1.40062--0.468112) +2*0.591279*(1.55272--0.468112)
0.56136*1.0177+2*0.345567*(2.17512-3.19282) +2*0.591279*(2.0534-3.19282)
v1 =-1.86873  v2= 1.0177
x1= 2.16415   x2 =  1.71331
Original
#1 x(1.36831,2.68236) v(-0.184411 , 0.628968) fit= 0.246811
#2 x(1.12263,2.18788) v(-0.100082 , -0.271933) fit= 2.5762
#3 x(1.71031,1.43437) v(0.8168 , -1.11135) fit= 5.88208
#4 x(-0.468112,3.19282) v(-1.86873 , 1.0177) fit= 8.69796
Ordenado
#1 x(1.36831,2.68236) v(-0.184411 , 0.628968) fit= 0.246811
#2 x(1.12263,2.18788) v(-0.100082 , -0.271933) fit= 2.5762
#3 x(1.71031,1.43437) v(0.8168 , -1.11135) fit= 5.88208
#4 x(-0.468112,3.19282) v(-1.86873 , 1.0177) fit= 8.69796
--------Iteracion 17 -----------
Mejor: x(1.36831 , 2.68236) fit= 0.246811
W= 0.188996

rand1 = 0.565144rand2 = 0.783469
0.188996*-0.184411+2*0.565144*(1.55272-1.36831) +2*0.783469*(1.36831-1.36831)
0.188996*0.628968+2*0.565144*(2.0534-2.68236) +2*0.783469*(2.68236-2.68236)
v1 =-0.184411  v2= 0.628968
x1= 1.54189   x2 =  2.09032

rand1 = 0.737578rand2 = 0.160481
0.188996*-0.100082+2*0.737578*(1.22271-1.12263) +2*0.160481*(1.36831-1.12263)
0.188996*-0.271933+2*0.737578*(2.45981-2.18788) +2*0.160481*(2.68236-2.18788)
v1 =-0.100082  v2= -0.271933
x1= 1.3302   x2 =  2.69634

rand1 = 0.434626rand2 = 0.450782
0.188996*0.8168+2*0.434626*(0.89351-1.71031) +2*0.450782*(1.36831-1.71031)
0.188996*-1.11135+2*0.434626*(2.54571-1.43437) +2*0.450782*(2.68236-1.43437)
v1 =0.8168  v2= -1.11135
x1= 0.846337   x2 =  3.31552

rand1 = 0.692649rand2 = 0.94417
0.188996*-1.86873+2*0.692649*(1.40062--0.468112) +2*0.94417*(1.36831--0.468112)
0.188996*1.0177+2*0.692649*(2.17512-3.19282) +2*0.94417*(2.68236-3.19282)
v1 =-1.86873  v2= 1.0177
x1= 5.23524   x2 =  1.01142
Original
#1 x(1.54189,2.09032) v(0.173585 , -0.592043) fit= 1.66223
#2 x(1.3302,2.69634) v(0.207574 , 0.508461) fit= 0.204063
#3 x(0.846337,3.31552) v(-0.863972 , 1.88115) fit= 0.227951
#4 x(-0.468112,3.19282) v(-1.86873 , 1.0177) fit= 8.69796
Ordenado
#1 x(1.3302,2.69634) v(0.207574 , 0.508461) fit= 0.204063
#2 x(0.846337,3.31552) v(-0.863972 , 1.88115) fit= 0.227951
#3 x(1.54189,2.09032) v(0.173585 , -0.592043) fit= 1.66223
#4 x(-0.468112,3.19282) v(-1.86873 , 1.0177) fit= 8.69796
--------Iteracion 18 -----------
Mejor: x(1.3302 , 2.69634) fit= 0.204063
W= 0.235051

rand1 = 0.881872rand2 = 0.0811004
0.235051*0.207574+2*0.881872*(1.12263-1.3302) +2*0.0811004*(1.3302-1.3302)
0.235051*0.508461+2*0.881872*(2.18788-2.69634) +2*0.0811004*(2.69634-2.69634)
v1 =0.207574  v2= 0.508461
x1= 1.01289   x2 =  1.91906

rand1 = 0.872146rand2 = 0.447829
0.235051*-0.863972+2*0.872146*(1.71031-0.846337) +2*0.447829*(1.3302-0.846337)
0.235051*1.88115+2*0.872146*(1.43437-3.31552) +2*0.447829*(2.69634-3.31552)
v1 =-0.863972  v2= 1.88115
x1= 2.58366   x2 =  -0.0781679

rand1 = 0.775787rand2 = 0.373202
0.235051*0.173585+2*0.775787*(1.36831-1.54189) +2*0.373202*(1.3302-1.54189)
0.235051*-0.592043+2*0.775787*(2.68236-2.09032) +2*0.373202*(2.69634-2.09032)
v1 =0.173585  v2= -0.592043
x1= 1.15536   x2 =  3.32209

rand1 = 0.972587rand2 = 0.150209
0.235051*-1.86873+2*0.972587*(1.40062--0.468112) +2*0.150209*(1.3302--0.468112)
0.235051*1.0177+2*0.972587*(2.17512-3.19282) +2*0.150209*(2.69634-3.19282)
v1 =-1.86873  v2= 1.0177
x1= 3.2679   x2 =  1.30327
Original
#1 x(1.3302,2.69634) v(0.207574 , 0.508461) fit= 0.204063
#2 x(0.846337,3.31552) v(-0.863972 , 1.88115) fit= 0.227951
#3 x(1.54189,2.09032) v(0.173585 , -0.592043) fit= 1.66223
#4 x(-0.468112,3.19282) v(-1.86873 , 1.0177) fit= 8.69796
Ordenado
#1 x(1.3302,2.69634) v(0.207574 , 0.508461) fit= 0.204063
#2 x(0.846337,3.31552) v(-0.863972 , 1.88115) fit= 0.227951
#3 x(1.54189,2.09032) v(0.173585 , -0.592043) fit= 1.66223
#4 x(-0.468112,3.19282) v(-1.86873 , 1.0177) fit= 8.69796
--------Iteracion 19 -----------
Mejor: x(1.3302 , 2.69634) fit= 0.204063
W= 0.555977

rand1 = 0.70314rand2 = 0.227448
0.555977*0.207574+2*0.70314*(1.12263-1.3302) +2*0.227448*(1.3302-1.3302)
0.555977*0.508461+2*0.70314*(2.18788-2.69634) +2*0.227448*(2.69634-2.69634)
v1 =0.207574  v2= 0.508461
x1= 1.1537   x2 =  2.26399

rand1 = 0.538492rand2 = 0.2645
0.555977*-0.863972+2*0.538492*(1.71031-0.846337) +2*0.2645*(1.3302-0.846337)
0.555977*1.88115+2*0.538492*(1.43437-3.31552) +2*0.2645*(2.69634-3.31552)
v1 =-0.863972  v2= 1.88115
x1= 1.55244   x2 =  2.00788

rand1 = 0.848055rand2 = 0.650893
0.555977*0.173585+2*0.848055*(1.36831-1.54189) +2*0.650893*(1.3302-1.54189)
0.555977*-0.592043+2*0.848055*(2.68236-2.09032) +2*0.650893*(2.69634-2.09032)
v1 =0.173585  v2= -0.592043
x1= 1.06841   x2 =  3.55423

rand1 = 0.619452rand2 = 0.698129
0.555977*-1.86873+2*0.619452*(1.40062--0.468112) +2*0.698129*(1.3302--0.468112)
0.555977*1.0177+2*0.619452*(2.17512-3.19282) +2*0.698129*(2.69634-3.19282)
v1 =-1.86873  v2= 1.0177
x1= 3.31901   x2 =  1.80458
Original
#1 x(1.1537,2.26399) v(-0.176501 , -0.432345) fit= 1.92166
#2 x(1.55244,2.00788) v(0.7061 , -1.30764) fit= 2.06279
#3 x(1.54189,2.09032) v(0.173585 , -0.592043) fit= 1.66223
#4 x(-0.468112,3.19282) v(-1.86873 , 1.0177) fit= 8.69796
Ordenado
#1 x(1.54189,2.09032) v(0.173585 , -0.592043) fit= 1.66223
#2 x(1.1537,2.26399) v(-0.176501 , -0.432345) fit= 1.92166
#3 x(1.55244,2.00788) v(0.7061 , -1.30764) fit= 2.06279
#4 x(-0.468112,3.19282) v(-1.86873 , 1.0177) fit= 8.69796
--------Iteracion 20 -----------
Mejor: x(1.54189 , 2.09032) fit= 1.66223
W= 0.17442

rand1 = 0.787261rand2 = 0.0436961
0.17442*0.173585+2*0.787261*(1.36831-1.54189) +2*0.0436961*(1.54189-1.54189)
0.17442*-0.592043+2*0.787261*(2.68236-2.09032) +2*0.0436961*(2.09032-2.09032)
v1 =0.173585  v2= -0.592043
x1= 1.29885   x2 =  2.91924

rand1 = 0.765699rand2 = 0.976257
0.17442*-0.176501+2*0.765699*(1.3302-1.1537) +2*0.976257*(1.54189-1.1537)
0.17442*-0.432345+2*0.765699*(2.69634-2.26399) +2*0.976257*(2.09032-2.26399)
v1 =-0.176501  v2= -0.432345
x1= 2.15115   x2 =  2.51158

rand1 = 0.60884rand2 = 0.549169
0.17442*0.7061+2*0.60884*(0.846337-1.55244) +2*0.549169*(1.54189-1.55244)
0.17442*-1.30764+2*0.60884*(3.31552-2.00788) +2*0.549169*(2.09032-2.00788)
v1 =0.7061  v2= -1.30764
x1= 0.804207   x2 =  3.46264

rand1 = 0.713834rand2 = 0.769321
0.17442*-1.86873+2*0.713834*(1.40062--0.468112) +2*0.769321*(1.54189--0.468112)
0.17442*1.0177+2*0.713834*(2.17512-3.19282) +2*0.769321*(2.09032-3.19282)
v1 =-1.86873  v2= 1.0177
x1= 4.96655   x2 =  0.221031
Original
#1 x(1.54189,2.09032) v(0.173585 , -0.592043) fit= 1.66223
#2 x(1.1537,2.26399) v(-0.176501 , -0.432345) fit= 1.92166
#3 x(1.55244,2.00788) v(0.7061 , -1.30764) fit= 2.06279
#4 x(-0.468112,3.19282) v(-1.86873 , 1.0177) fit= 8.69796
Ordenado
#1 x(1.54189,2.09032) v(0.173585 , -0.592043) fit= 1.66223
#2 x(1.1537,2.26399) v(-0.176501 , -0.432345) fit= 1.92166
#3 x(1.55244,2.00788) v(0.7061 , -1.30764) fit= 2.06279
#4 x(-0.468112,3.19282) v(-1.86873 , 1.0177) fit= 8.69796
--------Iteracion 21 -----------
Mejor: x(1.54189 , 2.09032) fit= 1.66223
W= 0.983795

rand1 = 0.164617rand2 = 0.461969
0.983795*0.173585+2*0.164617*(1.36831-1.54189) +2*0.461969*(1.54189-1.54189)
0.983795*-0.592043+2*0.164617*(2.68236-2.09032) +2*0.461969*(2.09032-2.09032)
v1 =0.173585  v2= -0.592043
x1= 1.65551   x2 =  1.70279

rand1 = 0.927965rand2 = 0.399668
0.983795*-0.176501+2*0.927965*(1.3302-1.1537) +2*0.399668*(1.54189-1.1537)
0.983795*-0.432345+2*0.927965*(2.69634-2.26399) +2*0.399668*(2.09032-2.26399)
v1 =-0.176501  v2= -0.432345
x1= 1.61793   x2 =  2.50223

rand1 = 0.343842rand2 = 0.00906562
0.983795*0.7061+2*0.343842*(0.846337-1.55244) +2*0.00906562*(1.54189-1.55244)
0.983795*-1.30764+2*0.343842*(3.31552-2.00788) +2*0.00906562*(2.09032-2.00788)
v1 =0.7061  v2= -1.30764
x1= 1.76133   x2 =  1.62216

rand1 = 0.271814rand2 = 0.791671
0.983795*-1.86873+2*0.271814*(1.40062--0.468112) +2*0.791671*(1.54189--0.468112)
0.983795*1.0177+2*0.271814*(2.17512-3.19282) +2*0.791671*(2.09032-3.19282)
v1 =-1.86873  v2= 1.0177
x1= 1.89185   x2 =  1.89514
Original
#1 x(1.54189,2.09032) v(0.173585 , -0.592043) fit= 1.66223
#2 x(1.1537,2.26399) v(-0.176501 , -0.432345) fit= 1.92166
#3 x(1.55244,2.00788) v(0.7061 , -1.30764) fit= 2.06279
#4 x(-0.468112,3.19282) v(-1.86873 , 1.0177) fit= 8.69796
Ordenado
#1 x(1.54189,2.09032) v(0.173585 , -0.592043) fit= 1.66223
#2 x(1.1537,2.26399) v(-0.176501 , -0.432345) fit= 1.92166
#3 x(1.55244,2.00788) v(0.7061 , -1.30764) fit= 2.06279
#4 x(-0.468112,3.19282) v(-1.86873 , 1.0177) fit= 8.69796
--------Iteracion 22 -----------
Mejor: x(1.54189 , 2.09032) fit= 1.66223
W= 0.784853

rand1 = 0.645016rand2 = 0.764258
0.784853*0.173585+2*0.645016*(1.36831-1.54189) +2*0.764258*(1.54189-1.54189)
0.784853*-0.592043+2*0.645016*(2.68236-2.09032) +2*0.764258*(2.09032-2.09032)
v1 =0.173585  v2= -0.592043
x1= 1.4542   x2 =  2.38941

rand1 = 0.935062rand2 = 0.200993
0.784853*-0.176501+2*0.935062*(1.3302-1.1537) +2*0.200993*(1.54189-1.1537)
0.784853*-0.432345+2*0.935062*(2.69634-2.26399) +2*0.200993*(2.09032-2.26399)
v1 =-0.176501  v2= -0.432345
x1= 1.5013   x2 =  2.66339

rand1 = 0.467398rand2 = 0.16251
0.784853*0.7061+2*0.467398*(0.846337-1.55244) +2*0.16251*(1.54189-1.55244)
0.784853*-1.30764+2*0.467398*(3.31552-2.00788) +2*0.16251*(2.09032-2.00788)
v1 =0.7061  v2= -1.30764
x1= 1.44314   x2 =  2.23074

rand1 = 0.739485rand2 = 0.731897
0.784853*-1.86873+2*0.739485*(1.40062--0.468112) +2*0.731897*(1.54189--0.468112)
0.784853*1.0177+2*0.739485*(2.17512-3.19282) +2*0.731897*(2.09032-3.19282)
v1 =-1.86873  v2= 1.0177
x1= 3.77124   x2 =  0.872581
Original
#1 x(1.54189,2.09032) v(0.173585 , -0.592043) fit= 1.66223
#2 x(1.1537,2.26399) v(-0.176501 , -0.432345) fit= 1.92166
#3 x(1.55244,2.00788) v(0.7061 , -1.30764) fit= 2.06279
#4 x(-0.468112,3.19282) v(-1.86873 , 1.0177) fit= 8.69796
Ordenado
#1 x(1.54189,2.09032) v(0.173585 , -0.592043) fit= 1.66223
#2 x(1.1537,2.26399) v(-0.176501 , -0.432345) fit= 1.92166
#3 x(1.55244,2.00788) v(0.7061 , -1.30764) fit= 2.06279
#4 x(-0.468112,3.19282) v(-1.86873 , 1.0177) fit= 8.69796
--------Iteracion 23 -----------
Mejor: x(1.54189 , 2.09032) fit= 1.66223
W= 0.0105651

rand1 = 0.390378rand2 = 0.351349
0.0105651*0.173585+2*0.390378*(1.36831-1.54189) +2*0.351349*(1.54189-1.54189)
0.0105651*-0.592043+2*0.390378*(2.68236-2.09032) +2*0.351349*(2.09032-2.09032)
v1 =0.173585  v2= -0.592043
x1= 1.4082   x2 =  2.54631

rand1 = 0.708694rand2 = 0.564799
0.0105651*-0.176501+2*0.708694*(1.3302-1.1537) +2*0.564799*(1.54189-1.1537)
0.0105651*-0.432345+2*0.708694*(2.69634-2.26399) +2*0.564799*(2.09032-2.26399)
v1 =-0.176501  v2= -0.432345
x1= 1.8405   x2 =  2.67605

rand1 = 0.13861rand2 = 0.75239
0.0105651*0.7061+2*0.13861*(0.846337-1.55244) +2*0.75239*(1.54189-1.55244)
0.0105651*-1.30764+2*0.13861*(3.31552-2.00788) +2*0.75239*(2.09032-2.00788)
v1 =0.7061  v2= -1.30764
x1= 1.34828   x2 =  2.48063

rand1 = 0.330498rand2 = 0.114867
0.0105651*-1.86873+2*0.330498*(1.40062--0.468112) +2*0.114867*(1.54189--0.468112)
0.0105651*1.0177+2*0.330498*(2.17512-3.19282) +2*0.114867*(2.09032-3.19282)
v1 =-1.86873  v2= 1.0177
x1= 1.20913   x2 =  2.2776
Original
#1 x(1.54189,2.09032) v(0.173585 , -0.592043) fit= 1.66223
#2 x(1.1537,2.26399) v(-0.176501 , -0.432345) fit= 1.92166
#3 x(1.55244,2.00788) v(0.7061 , -1.30764) fit= 2.06279
#4 x(-0.468112,3.19282) v(-1.86873 , 1.0177) fit= 8.69796
Ordenado
#1 x(1.54189,2.09032) v(0.173585 , -0.592043) fit= 1.66223
#2 x(1.1537,2.26399) v(-0.176501 , -0.432345) fit= 1.92166
#3 x(1.55244,2.00788) v(0.7061 , -1.30764) fit= 2.06279
#4 x(-0.468112,3.19282) v(-1.86873 , 1.0177) fit= 8.69796
--------Iteracion 24 -----------
Mejor: x(1.54189 , 2.09032) fit= 1.66223
W= 0.36123

rand1 = 0.879667rand2 = 0.828702
0.36123*0.173585+2*0.879667*(1.36831-1.54189) +2*0.828702*(1.54189-1.54189)
0.36123*-0.592043+2*0.879667*(2.68236-2.09032) +2*0.828702*(2.09032-2.09032)
v1 =0.173585  v2= -0.592043
x1= 1.2992   x2 =  2.91806

rand1 = 0.130551rand2 = 0.863462
0.36123*-0.176501+2*0.130551*(1.3302-1.1537) +2*0.863462*(1.54189-1.1537)
0.36123*-0.432345+2*0.130551*(2.69634-2.26399) +2*0.863462*(2.09032-2.26399)
v1 =-0.176501  v2= -0.432345
x1= 1.8064   x2 =  1.92079

rand1 = 0.993318rand2 = 0.59252
0.36123*0.7061+2*0.993318*(0.846337-1.55244) +2*0.59252*(1.54189-1.55244)
0.36123*-1.30764+2*0.993318*(3.31552-2.00788) +2*0.59252*(2.09032-2.00788)
v1 =0.7061  v2= -1.30764
x1= 0.392238   x2 =  4.23102

rand1 = 0.791427rand2 = 0.392987
0.36123*-1.86873+2*0.791427*(1.40062--0.468112) +2*0.392987*(1.54189--0.468112)
0.36123*1.0177+2*0.791427*(2.17512-3.19282) +2*0.392987*(2.09032-3.19282)
v1 =-1.86873  v2= 1.0177
x1= 3.39458   x2 =  1.08304
Original
#1 x(1.54189,2.09032) v(0.173585 , -0.592043) fit= 1.66223
#2 x(1.1537,2.26399) v(-0.176501 , -0.432345) fit= 1.92166
#3 x(1.55244,2.00788) v(0.7061 , -1.30764) fit= 2.06279
#4 x(-0.468112,3.19282) v(-1.86873 , 1.0177) fit= 8.69796
Ordenado
#1 x(1.54189,2.09032) v(0.173585 , -0.592043) fit= 1.66223
#2 x(1.1537,2.26399) v(-0.176501 , -0.432345) fit= 1.92166
#3 x(1.55244,2.00788) v(0.7061 , -1.30764) fit= 2.06279
#4 x(-0.468112,3.19282) v(-1.86873 , 1.0177) fit= 8.69796
--------Iteracion 25 -----------
Mejor: x(1.54189 , 2.09032) fit= 1.66223
W= 0.936362

rand1 = 0.800493rand2 = 0.664801
0.936362*0.173585+2*0.800493*(1.36831-1.54189) +2*0.664801*(1.54189-1.54189)
0.936362*-0.592043+2*0.800493*(2.68236-2.09032) +2*0.664801*(2.09032-2.09032)
v1 =0.173585  v2= -0.592043
x1= 1.42652   x2 =  2.48381

rand1 = 0.728033rand2 = 0.585345
0.936362*-0.176501+2*0.728033*(1.3302-1.1537) +2*0.585345*(1.54189-1.1537)
0.936362*-0.432345+2*0.728033*(2.69634-2.26399) +2*0.585345*(2.09032-2.26399)
v1 =-0.176501  v2= -0.432345
x1= 1.69988   x2 =  2.28537

rand1 = 0.309817rand2 = 0.492291
0.936362*0.7061+2*0.309817*(0.846337-1.55244) +2*0.492291*(1.54189-1.55244)
0.936362*-1.30764+2*0.309817*(3.31552-2.00788) +2*0.492291*(2.09032-2.00788)
v1 =0.7061  v2= -1.30764
x1= 1.76569   x2 =  1.67488

rand1 = 0.520408rand2 = 0.51081
0.936362*-1.86873+2*0.520408*(1.40062--0.468112) +2*0.51081*(1.54189--0.468112)
0.936362*1.0177+2*0.520408*(2.17512-3.19282) +2*0.51081*(2.09032-3.19282)
v1 =-1.86873  v2= 1.0177
x1= 1.78054   x2 =  1.96018
Original
#1 x(1.54189,2.09032) v(0.173585 , -0.592043) fit= 1.66223
#2 x(1.1537,2.26399) v(-0.176501 , -0.432345) fit= 1.92166
#3 x(1.55244,2.00788) v(0.7061 , -1.30764) fit= 2.06279
#4 x(-0.468112,3.19282) v(-1.86873 , 1.0177) fit= 8.69796
Ordenado
#1 x(1.54189,2.09032) v(0.173585 , -0.592043) fit= 1.66223
#2 x(1.1537,2.26399) v(-0.176501 , -0.432345) fit= 1.92166
#3 x(1.55244,2.00788) v(0.7061 , -1.30764) fit= 2.06279
#4 x(-0.468112,3.19282) v(-1.86873 , 1.0177) fit= 8.69796
--------Iteracion 26 -----------
Mejor: x(1.54189 , 2.09032) fit= 1.66223
W= 0.959688

rand1 = 0.682918rand2 = 0.250295
0.959688*0.173585+2*0.682918*(1.36831-1.54189) +2*0.250295*(1.54189-1.54189)
0.959688*-0.592043+2*0.682918*(2.68236-2.09032) +2*0.250295*(2.09032-2.09032)
v1 =0.173585  v2= -0.592043
x1= 1.47139   x2 =  2.33078

rand1 = 0.691585rand2 = 0.693483
0.959688*-0.176501+2*0.691585*(1.3302-1.1537) +2*0.693483*(1.54189-1.1537)
0.959688*-0.432345+2*0.691585*(2.69634-2.26399) +2*0.693483*(2.09032-2.26399)
v1 =-0.176501  v2= -0.432345
x1= 1.76685   x2 =  2.20621

rand1 = 0.640673rand2 = 0.0429345
0.959688*0.7061+2*0.640673*(0.846337-1.55244) +2*0.0429345*(1.54189-1.55244)
0.959688*-1.30764+2*0.640673*(3.31552-2.00788) +2*0.0429345*(2.09032-2.00788)
v1 =0.7061  v2= -1.30764
x1= 1.32441   x2 =  2.43557

rand1 = 0.402177rand2 = 0.205472
0.959688*-1.86873+2*0.402177*(1.40062--0.468112) +2*0.205472*(1.54189--0.468112)
