Parametros :
- Tamaño de poblacion: 6
- Valores iniciales para $v_i$ entre -1.0 y 1.0
- w: número aleatorio entre 0.0 y 1.0 para cada iteración
- rand_1, rand_2: número aleatorio entre 0.0 y 1.0 para cada individuo
- C_1, C_2$: 2
- Cantidad de Iteraciones: 100

------Poblacion inicial---------

Original
#1 x(-9.76057,-2.84312) v(-0.432088 , -0.124936) fit= 1252.66
#2 x(0.547728,-8.28289) v(-0.0983425 , -0.797853) fit= 678.364
#3 x(3.06276,4.20685) v(0.198351 , 0.00528054) fit= 48.4729
#4 x(-0.138098,-7.05462) v(-0.409948 , -0.170013) fit= 603.499
#5 x(-9.83974,8.58448) v(-0.230349 , -0.852969) fit= 259.157
#6 x(-1.2802,3.1149) v(-0.44593 , -0.00968055) fit= 23.9665

Ordenado
#1 x(-1.2802,3.1149) v(-0.44593 , -0.00968055) fit= 23.9665
#2 x(3.06276,4.20685) v(0.198351 , 0.00528054) fit= 48.4729
#3 x(-9.83974,8.58448) v(-0.230349 , -0.852969) fit= 259.157
#4 x(-0.138098,-7.05462) v(-0.409948 , -0.170013) fit= 603.499
#5 x(0.547728,-8.28289) v(-0.0983425 , -0.797853) fit= 678.364
#6 x(-9.76057,-2.84312) v(-0.432088 , -0.124936) fit= 1252.66

--------Iteracion 1 -----------
Mejor: x(-1.2802 , 3.1149) fit= 23.9665
W= 0.817852

Particula: 1
rand1 = 0.457902  rand2 = 0.367524
	 v1= 0.817852*-0.44593+2*0.457902*(-1.2802--1.2802) +2*0.367524*(-1.2802--1.2802)
	 v2= 0.817852*-0.00968055+2*0.457902*(3.1149-3.1149) +2*0.367524*(3.1149-3.1149)
v1= -0.44593  v2= -0.00968055
x1= -1.6449   x2=  3.10699

Particula: 2
rand1 = 0.0788822  rand2 = 0.88999
	 v1= 0.817852*0.198351+2*0.0788822*(3.06276-3.06276) +2*0.88999*(-1.2802-3.06276)
	 v2= 0.817852*0.00528054+2*0.0788822*(4.20685-4.20685) +2*0.88999*(3.1149-4.20685)
v1= 0.198351  v2= 0.00528054
x1= -4.5054   x2=  2.26753

Particula: 3
rand1 = 0.492461  rand2 = 0.606269
	 v1= 0.817852*-0.230349+2*0.492461*(-9.83974--9.83974) +2*0.606269*(-1.2802--9.83974)
	 v2= 0.817852*-0.852969+2*0.492461*(8.58448-8.58448) +2*0.606269*(3.1149-8.58448)
v1= -0.230349  v2= -0.852969
x1= 0.350633   x2=  1.25481
*****Se cambio el mejor local*****

Particula: 4
rand1 = 0.975846  rand2 = 0.967084
	 v1= 0.817852*-0.409948+2*0.975846*(-0.138098--0.138098) +2*0.967084*(-1.2802--0.138098)
	 v2= 0.817852*-0.170013+2*0.975846*(-7.05462--7.05462) +2*0.967084*(3.1149--7.05462)
v1= -0.409948  v2= -0.170013
x1= -2.68239   x2=  12.4759
*****Se cambio el mejor local*****

Particula: 5
rand1 = 0.704611  rand2 = 0.773698
	 v1= 0.817852*-0.0983425+2*0.704611*(0.547728-0.547728) +2*0.773698*(-1.2802-0.547728)
	 v2= 0.817852*-0.797853+2*0.704611*(-8.28289--8.28289) +2*0.773698*(3.1149--8.28289)
v1= -0.0983425  v2= -0.797853
x1= -2.36123   x2=  8.70149
*****Se cambio el mejor local*****

Particula: 6
rand1 = 0.620222  rand2 = 0.414954
	 v1= 0.817852*-0.432088+2*0.620222*(-9.76057--9.76057) +2*0.414954*(-1.2802--9.76057)
	 v2= 0.817852*-0.124936+2*0.620222*(-2.84312--2.84312) +2*0.414954*(3.1149--2.84312)
v1= -0.432088  v2= -0.124936
x1= -3.07603   x2=  1.99931
*****Se cambio el mejor local*****

Original
#1 x(-1.2802,3.1149) v(-0.44593 , -0.00968055) fit= 23.9665
#2 x(3.06276,4.20685) v(0.198351 , 0.00528054) fit= 48.4729
#3 x(0.350633,1.25481) v(10.1904 , -7.32967) fit= 26.4029
#4 x(-2.68239,12.4759) v(-2.54429 , 19.5305) fit= 237.613
#5 x(-2.36123,8.70149) v(-2.90895 , 16.9844) fit= 65.7123
#6 x(-3.07603,1.99931) v(6.68454 , 4.84243) fit= 120.708

Ordenado
#1 x(-1.2802,3.1149) v(-0.44593 , -0.00968055) fit= 23.9665
#2 x(0.350633,1.25481) v(10.1904 , -7.32967) fit= 26.4029
#3 x(3.06276,4.20685) v(0.198351 , 0.00528054) fit= 48.4729
#4 x(-2.36123,8.70149) v(-2.90895 , 16.9844) fit= 65.7123
#5 x(-3.07603,1.99931) v(6.68454 , 4.84243) fit= 120.708
#6 x(-2.68239,12.4759) v(-2.54429 , 19.5305) fit= 237.613

--------Iteracion 2 -----------
Mejor: x(-1.2802 , 3.1149) fit= 23.9665
W= 0.0158396

Particula: 1
rand1 = 0.818574  rand2 = 0.420234
	 v1= 0.0158396*-0.44593+2*0.818574*(-1.2802--1.2802) +2*0.420234*(-1.2802--1.2802)
	 v2= 0.0158396*-0.00968055+2*0.818574*(3.1149-3.1149) +2*0.420234*(3.1149-3.1149)
v1= -0.44593  v2= -0.00968055
x1= -1.28726   x2=  3.11475

Particula: 2
rand1 = 0.508935  rand2 = 0.965842
	 v1= 0.0158396*10.1904+2*0.508935*(-9.83974-0.350633) +2*0.965842*(-1.2802-0.350633)
	 v2= 0.0158396*-7.32967+2*0.508935*(8.58448-1.25481) +2*0.965842*(3.1149-1.25481)
v1= 10.1904  v2= -7.32967
x1= -13.0107   x2=  12.1925

Particula: 3
rand1 = 0.403108  rand2 = 0.918883
	 v1= 0.0158396*0.198351+2*0.403108*(3.06276-3.06276) +2*0.918883*(-1.2802-3.06276)
	 v2= 0.0158396*0.00528054+2*0.403108*(4.20685-4.20685) +2*0.918883*(3.1149-4.20685)
v1= 0.198351  v2= 0.00528054
x1= -4.91544   x2=  2.2002

Particula: 4
rand1 = 0.135855  rand2 = 0.411122
	 v1= 0.0158396*-2.90895+2*0.135855*(0.547728--2.36123) +2*0.411122*(-1.2802--2.36123)
	 v2= 0.0158396*16.9844+2*0.135855*(-8.28289-8.70149) +2*0.411122*(3.1149-8.70149)
v1= -2.90895  v2= 16.9844
x1= -0.72804   x2=  -0.237853
*****Se cambio el mejor local*****

Particula: 5
rand1 = 0.848107  rand2 = 0.413815
	 v1= 0.0158396*6.68454+2*0.848107*(-9.76057--3.07603) +2*0.413815*(-1.2802--3.07603)
	 v2= 0.0158396*4.84243+2*0.848107*(-2.84312-1.99931) +2*0.413815*(3.1149-1.99931)
v1= 6.68454  v2= 4.84243
x1= -12.8223   x2=  -5.21449

Particula: 6
rand1 = 0.641471  rand2 = 0.701077
	 v1= 0.0158396*-2.54429+2*0.641471*(-0.138098--2.68239) +2*0.701077*(-1.2802--2.68239)
	 v2= 0.0158396*19.5305+2*0.641471*(-7.05462-12.4759) +2*0.701077*(3.1149-12.4759)
v1= -2.54429  v2= 19.5305
x1= 2.50757   x2=  -25.3968

Original
#1 x(-1.2802,3.1149) v(-0.44593 , -0.00968055) fit= 23.9665
#2 x(0.350633,1.25481) v(10.1904 , -7.32967) fit= 26.4029
#3 x(3.06276,4.20685) v(0.198351 , 0.00528054) fit= 48.4729
#4 x(-0.72804,-0.237853) v(1.63319 , -8.93935) fit= 112.11
#5 x(-3.07603,1.99931) v(6.68454 , 4.84243) fit= 120.708
#6 x(-2.68239,12.4759) v(-2.54429 , 19.5305) fit= 237.613

Ordenado
#1 x(-1.2802,3.1149) v(-0.44593 , -0.00968055) fit= 23.9665
#2 x(0.350633,1.25481) v(10.1904 , -7.32967) fit= 26.4029
#3 x(3.06276,4.20685) v(0.198351 , 0.00528054) fit= 48.4729
#4 x(-0.72804,-0.237853) v(1.63319 , -8.93935) fit= 112.11
#5 x(-3.07603,1.99931) v(6.68454 , 4.84243) fit= 120.708
#6 x(-2.68239,12.4759) v(-2.54429 , 19.5305) fit= 237.613

--------Iteracion 3 -----------
Mejor: x(-1.2802 , 3.1149) fit= 23.9665
W= 0.849805

Particula: 1
rand1 = 0.297216  rand2 = 0.0231616
	 v1= 0.849805*-0.44593+2*0.297216*(-1.2802--1.2802) +2*0.0231616*(-1.2802--1.2802)
	 v2= 0.849805*-0.00968055+2*0.297216*(3.1149-3.1149) +2*0.0231616*(3.1149-3.1149)
v1= -0.44593  v2= -0.00968055
x1= -1.65915   x2=  3.10668

Particula: 2
rand1 = 0.295735  rand2 = 0.306896
	 v1= 0.849805*10.1904+2*0.295735*(-9.83974-0.350633) +2*0.306896*(-1.2802-0.350633)
	 v2= 0.849805*-7.32967+2*0.295735*(8.58448-1.25481) +2*0.306896*(3.1149-1.25481)
v1= 10.1904  v2= -7.32967
x1= 1.98216   x2=  0.503019
*****Se cambio el mejor local*****

Particula: 3
rand1 = 0.841013  rand2 = 0.753637
	 v1= 0.849805*0.198351+2*0.841013*(3.06276-3.06276) +2*0.753637*(-1.2802-3.06276)
	 v2= 0.849805*0.00528054+2*0.841013*(4.20685-4.20685) +2*0.753637*(3.1149-4.20685)
v1= 0.198351  v2= 0.00528054
x1= -3.31471   x2=  2.56548

Particula: 4
rand1 = 0.674421  rand2 = 0.919895
	 v1= 0.849805*1.63319+2*0.674421*(-2.36123--0.72804) +2*0.919895*(-1.2802--0.72804)
	 v2= 0.849805*-8.93935+2*0.674421*(8.70149--0.237853) +2*0.919895*(3.1149--0.237853)
v1= 1.63319  v2= -8.93935
x1= -2.55891   x2=  10.3916

Particula: 5
rand1 = 0.643627  rand2 = 0.166882
	 v1= 0.849805*6.68454+2*0.643627*(-9.76057--3.07603) +2*0.166882*(-1.2802--3.07603)
	 v2= 0.849805*4.84243+2*0.643627*(-2.84312-1.99931) +2*0.166882*(3.1149-1.99931)
v1= 6.68454  v2= 4.84243
x1= -5.4008   x2=  0.253333
*****Se cambio el mejor local*****

Particula: 6
rand1 = 0.526164  rand2 = 0.619473
	 v1= 0.849805*-2.54429+2*0.526164*(-0.138098--2.68239) +2*0.619473*(-1.2802--2.68239)
	 v2= 0.849805*19.5305+2*0.526164*(-7.05462-12.4759) +2*0.619473*(3.1149-12.4759)
v1= -2.54429  v2= 19.5305
x1= -0.429872   x2=  -3.07725
*****Se cambio el mejor local*****

Original
#1 x(-1.2802,3.1149) v(-0.44593 , -0.00968055) fit= 23.9665
#2 x(1.98216,0.503019) v(1.63153 , -0.751795) fit= 16.3783
#3 x(3.06276,4.20685) v(0.198351 , 0.00528054) fit= 48.4729
#4 x(-0.72804,-0.237853) v(1.63319 , -8.93935) fit= 112.11
#5 x(-5.4008,0.253333) v(-2.32477 , -1.74597) fit= 383.219
#6 x(-0.429872,-3.07725) v(2.25251 , -15.5532) fit= 264.405

Ordenado
#1 x(1.98216,0.503019) v(1.63153 , -0.751795) fit= 16.3783
#2 x(-1.2802,3.1149) v(-0.44593 , -0.00968055) fit= 23.9665
#3 x(3.06276,4.20685) v(0.198351 , 0.00528054) fit= 48.4729
#4 x(-0.72804,-0.237853) v(1.63319 , -8.93935) fit= 112.11
#5 x(-0.429872,-3.07725) v(2.25251 , -15.5532) fit= 264.405
#6 x(-5.4008,0.253333) v(-2.32477 , -1.74597) fit= 383.219

--------Iteracion 4 -----------
Mejor: x(1.98216 , 0.503019) fit= 16.3783
W= 0.133966

Particula: 1
rand1 = 0.230775  rand2 = 0.393171
	 v1= 0.133966*1.63153+2*0.230775*(0.350633-1.98216) +2*0.393171*(1.98216-1.98216)
	 v2= 0.133966*-0.751795+2*0.230775*(1.25481-0.503019) +2*0.393171*(0.503019-0.503019)
v1= 1.63153  v2= -0.751795
x1= 1.4477   x2=  0.749295
*****Se cambio el mejor local*****

Particula: 2
rand1 = 0.754188  rand2 = 0.645729
	 v1= 0.133966*-0.44593+2*0.754188*(-1.2802--1.2802) +2*0.645729*(1.98216--1.2802)
	 v2= 0.133966*-0.00968055+2*0.754188*(3.1149-3.1149) +2*0.645729*(0.503019-3.1149)
v1= -0.44593  v2= -0.00968055
x1= 2.87326   x2=  -0.259531
*****Se cambio el mejor local*****

Particula: 3
rand1 = 0.409011  rand2 = 0.572762
	 v1= 0.133966*0.198351+2*0.409011*(3.06276-3.06276) +2*0.572762*(1.98216-3.06276)
	 v2= 0.133966*0.00528054+2*0.409011*(4.20685-4.20685) +2*0.572762*(0.503019-4.20685)
v1= 0.198351  v2= 0.00528054
x1= 1.85148   x2=  -0.0352683
*****Se cambio el mejor local*****

Particula: 4
rand1 = 0.0659626  rand2 = 0.917946
	 v1= 0.133966*1.63319+2*0.0659626*(-2.36123--0.72804) +2*0.917946*(1.98216--0.72804)
	 v2= 0.133966*-8.93935+2*0.0659626*(8.70149--0.237853) +2*0.917946*(0.503019--0.237853)
v1= 1.63319  v2= -8.93935
x1= 4.25093   x2=  1.10407
*****Se cambio el mejor local*****

Particula: 5
rand1 = 0.538604  rand2 = 0.469071
	 v1= 0.133966*2.25251+2*0.538604*(-2.68239--0.429872) +2*0.469071*(1.98216--0.429872)
	 v2= 0.133966*-15.5532+2*0.538604*(12.4759--3.07725) +2*0.469071*(0.503019--3.07725)
v1= 2.25251  v2= -15.5532
x1= -0.291708   x2=  14.952

Particula: 6
rand1 = 0.836829  rand2 = 0.67446
	 v1= 0.133966*-2.32477+2*0.836829*(-3.07603--5.4008) +2*0.67446*(1.98216--5.4008)
	 v2= 0.133966*-1.74597+2*0.836829*(1.99931-0.253333) +2*0.67446*(0.503019-0.253333)
v1= -2.32477  v2= -1.74597
x1= 8.13764   x2=  3.2784

Original
#1 x(1.4477,0.749295) v(-0.534464 , 0.246276) fit= 18.2694
#2 x(2.87326,-0.259531) v(4.15346 , -3.37444) fit= 21.8206
#3 x(1.85148,-0.0352683) v(-1.21128 , -4.24212) fit= 29.0136
#4 x(4.25093,1.10407) v(4.97897 , 1.34192) fit= 21.5072
#5 x(-0.429872,-3.07725) v(2.25251 , -15.5532) fit= 264.405
#6 x(-5.4008,0.253333) v(-2.32477 , -1.74597) fit= 383.219

Ordenado
#1 x(1.4477,0.749295) v(-0.534464 , 0.246276) fit= 18.2694
#2 x(4.25093,1.10407) v(4.97897 , 1.34192) fit= 21.5072
#3 x(2.87326,-0.259531) v(4.15346 , -3.37444) fit= 21.8206
#4 x(1.85148,-0.0352683) v(-1.21128 , -4.24212) fit= 29.0136
#5 x(-0.429872,-3.07725) v(2.25251 , -15.5532) fit= 264.405
#6 x(-5.4008,0.253333) v(-2.32477 , -1.74597) fit= 383.219

--------Iteracion 5 -----------
Mejor: x(1.4477 , 0.749295) fit= 18.2694
W= 0.880193

Particula: 1
rand1 = 0.684936  rand2 = 0.0882746
	 v1= 0.880193*-0.534464+2*0.684936*(1.98216-1.4477) +2*0.0882746*(1.4477-1.4477)
	 v2= 0.880193*0.246276+2*0.684936*(0.503019-0.749295) +2*0.0882746*(0.749295-0.749295)
v1= -0.534464  v2= 0.246276
x1= 1.70942   x2=  0.628698

Particula: 2
rand1 = 0.521663  rand2 = 0.386013
	 v1= 0.880193*4.97897+2*0.521663*(-0.72804-4.25093) +2*0.386013*(1.4477-4.25093)
	 v2= 0.880193*1.34192+2*0.521663*(-0.237853-1.10407) +2*0.386013*(0.749295-1.10407)
v1= 4.97897  v2= 1.34192
x1= 1.27453   x2=  0.611261
*****Se cambio el mejor local*****

Particula: 3
rand1 = 0.93808  rand2 = 0.818879
	 v1= 0.880193*4.15346+2*0.93808*(-1.2802-2.87326) +2*0.818879*(1.4477-2.87326)
	 v2= 0.880193*-3.37444+2*0.93808*(3.1149--0.259531) +2*0.818879*(0.749295--0.259531)
v1= 4.15346  v2= -3.37444
x1= -3.59817   x2=  4.75351

Particula: 4
rand1 = 0.409174  rand2 = 0.233815
	 v1= 0.880193*-1.21128+2*0.409174*(3.06276-1.85148) +2*0.233815*(1.4477-1.85148)
	 v2= 0.880193*-4.24212+2*0.409174*(4.20685--0.0352683) +2*0.233815*(0.749295--0.0352683)
v1= -1.21128  v2= -4.24212
x1= 1.58775   x2=  0.0692672
*****Se cambio el mejor local*****

Particula: 5
rand1 = 0.125775  rand2 = 0.250187
	 v1= 0.880193*2.25251+2*0.125775*(-2.68239--0.429872) +2*0.250187*(1.4477--0.429872)
	 v2= 0.880193*-15.5532+2*0.125775*(12.4759--3.07725) +2*0.250187*(0.749295--3.07725)
v1= 2.25251  v2= -15.5532
x1= 1.92564   x2=  -10.9399

Particula: 6
rand1 = 0.987453  rand2 = 0.800196
	 v1= 0.880193*-2.32477+2*0.987453*(-3.07603--5.4008) +2*0.800196*(1.4477--5.4008)
	 v2= 0.880193*-1.74597+2*0.987453*(1.99931-0.253333) +2*0.800196*(0.749295-0.253333)
v1= -2.32477  v2= -1.74597
x1= 8.10443   x2=  2.95841

Original
#1 x(1.4477,0.749295) v(-0.534464 , 0.246276) fit= 18.2694
#2 x(1.27453,0.611261) v(-2.9764 , -0.492804) fit= 23.661
#3 x(2.87326,-0.259531) v(4.15346 , -3.37444) fit= 21.8206
#4 x(1.58775,0.0692672) v(-0.263732 , 0.104536) fit= 30.8929
#5 x(-0.429872,-3.07725) v(2.25251 , -15.5532) fit= 264.405
#6 x(-5.4008,0.253333) v(-2.32477 , -1.74597) fit= 383.219

Ordenado
#1 x(1.4477,0.749295) v(-0.534464 , 0.246276) fit= 18.2694
#2 x(2.87326,-0.259531) v(4.15346 , -3.37444) fit= 21.8206
#3 x(1.27453,0.611261) v(-2.9764 , -0.492804) fit= 23.661
#4 x(1.58775,0.0692672) v(-0.263732 , 0.104536) fit= 30.8929
#5 x(-0.429872,-3.07725) v(2.25251 , -15.5532) fit= 264.405
#6 x(-5.4008,0.253333) v(-2.32477 , -1.74597) fit= 383.219

--------Iteracion 6 -----------
Mejor: x(1.4477 , 0.749295) fit= 18.2694
W= 0.170083

Particula: 1
rand1 = 0.63108  rand2 = 0.967078
	 v1= 0.170083*-0.534464+2*0.63108*(1.98216-1.4477) +2*0.967078*(1.4477-1.4477)
	 v2= 0.170083*0.246276+2*0.63108*(0.503019-0.749295) +2*0.967078*(0.749295-0.749295)
v1= -0.534464  v2= 0.246276
x1= 2.03138   x2=  0.480342
*****Se cambio el mejor local*****

Particula: 2
rand1 = 0.696247  rand2 = 0.250553
	 v1= 0.170083*4.15346+2*0.696247*(-1.2802-2.87326) +2*0.250553*(1.4477-2.87326)
	 v2= 0.170083*-3.37444+2*0.696247*(3.1149--0.259531) +2*0.250553*(0.749295--0.259531)
v1= 4.15346  v2= -3.37444
x1= -2.91833   x2=  4.37094

Particula: 3
rand1 = 0.101044  rand2 = 0.927022
	 v1= 0.170083*-2.9764+2*0.101044*(4.25093-1.27453) +2*0.927022*(1.4477-1.27453)
	 v2= 0.170083*-0.492804+2*0.101044*(1.10407-0.611261) +2*0.927022*(0.749295-0.611261)
v1= -2.9764  v2= -0.492804
x1= 1.69085   x2=  0.882953
*****Se cambio el mejor local*****

Particula: 4
rand1 = 0.643725  rand2 = 0.855232
	 v1= 0.170083*-0.263732+2*0.643725*(1.85148-1.58775) +2*0.855232*(1.4477-1.58775)
	 v2= 0.170083*0.104536+2*0.643725*(-0.0352683-0.0692672) +2*0.855232*(0.749295-0.0692672)
v1= -0.263732  v2= 0.104536
x1= 1.64288   x2=  1.11563
*****Se cambio el mejor local*****

Particula: 5
rand1 = 0.57275  rand2 = 0.0527356
	 v1= 0.170083*2.25251+2*0.57275*(-2.68239--0.429872) +2*0.0527356*(1.4477--0.429872)
	 v2= 0.170083*-15.5532+2*0.57275*(12.4759--3.07725) +2*0.0527356*(0.749295--3.07725)
v1= 2.25251  v2= -15.5532
x1= -2.42899   x2=  12.4972

Particula: 6
rand1 = 0.427994  rand2 = 0.638713
	 v1= 0.170083*-2.32477+2*0.427994*(-3.07603--5.4008) +2*0.638713*(1.4477--5.4008)
	 v2= 0.170083*-1.74597+2*0.427994*(1.99931-0.253333) +2*0.638713*(0.749295-0.253333)
v1= -2.32477  v2= -1.74597
x1= 4.94222   x2=  2.08446
*****Se cambio el mejor local*****

Original
#1 x(2.03138,0.480342) v(0.583676 , -0.268953) fit= 16.2724
#2 x(2.87326,-0.259531) v(4.15346 , -3.37444) fit= 21.8206
#3 x(1.69085,0.882953) v(0.416327 , 0.271692) fit= 13.0953
#4 x(1.64288,1.11563) v(0.0551322 , 1.04636) fit= 10.1294
#5 x(-0.429872,-3.07725) v(2.25251 , -15.5532) fit= 264.405
#6 x(4.94222,2.08446) v(10.343 , 1.83113) fit= 53.0224

Ordenado
#1 x(1.64288,1.11563) v(0.0551322 , 1.04636) fit= 10.1294
#2 x(1.69085,0.882953) v(0.416327 , 0.271692) fit= 13.0953
#3 x(2.03138,0.480342) v(0.583676 , -0.268953) fit= 16.2724
#4 x(2.87326,-0.259531) v(4.15346 , -3.37444) fit= 21.8206
#5 x(4.94222,2.08446) v(10.343 , 1.83113) fit= 53.0224
#6 x(-0.429872,-3.07725) v(2.25251 , -15.5532) fit= 264.405

--------Iteracion 7 -----------
Mejor: x(1.64288 , 1.11563) fit= 10.1294
W= 0.970681

Particula: 1
rand1 = 0.966598  rand2 = 0.107784
	 v1= 0.970681*0.0551322+2*0.966598*(1.58775-1.64288) +2*0.107784*(1.64288-1.64288)
	 v2= 0.970681*1.04636+2*0.966598*(0.0692672-1.11563) +2*0.107784*(1.11563-1.11563)
v1= 0.0551322  v2= 1.04636
x1= 1.58982   x2=  0.10849
*****Se cambio el mejor local*****

Particula: 2
rand1 = 0.80751  rand2 = 0.641058
	 v1= 0.970681*0.416327+2*0.80751*(1.27453-1.69085) +2*0.641058*(1.64288-1.69085)
	 v2= 0.970681*0.271692+2*0.80751*(0.611261-0.882953) +2*0.641058*(1.11563-0.882953)
v1= 0.416327  v2= 0.271692
x1= 1.36109   x2=  1.0062
*****Se cambio el mejor local*****

Particula: 3
rand1 = 0.987977  rand2 = 0.492446
	 v1= 0.970681*0.583676+2*0.987977*(1.4477-2.03138) +2*0.492446*(1.64288-2.03138)
	 v2= 0.970681*-0.268953+2*0.987977*(0.749295-0.480342) +2*0.492446*(1.11563-0.480342)
v1= 0.583676  v2= -0.268953
x1= 1.062   x2=  1.3764
*****Se cambio el mejor local*****

Particula: 4
rand1 = 0.729332  rand2 = 0.50964
	 v1= 0.970681*4.15346+2*0.729332*(-1.2802-2.87326) +2*0.50964*(1.64288-2.87326)
	 v2= 0.970681*-3.37444+2*0.729332*(3.1149--0.259531) +2*0.50964*(1.11563--0.259531)
v1= 4.15346  v2= -3.37444
x1= -0.407657   x2=  2.78881
*****Se cambio el mejor local*****

Particula: 5
rand1 = 0.878459  rand2 = 0.667412
	 v1= 0.970681*10.343+2*0.878459*(-5.4008-4.94222) +2*0.667412*(1.64288-4.94222)
	 v2= 0.970681*1.83113+2*0.878459*(0.253333-2.08446) +2*0.667412*(1.11563-2.08446)
v1= 10.343  v2= 1.83113
x1= -7.59387   x2=  -0.648461

Particula: 6
rand1 = 0.328519  rand2 = 0.287633
	 v1= 0.970681*2.25251+2*0.328519*(-2.68239--0.429872) +2*0.287633*(1.64288--0.429872)
	 v2= 0.970681*-15.5532+2*0.328519*(12.4759--3.07725) +2*0.287633*(1.11563--3.07725)
v1= 2.25251  v2= -15.5532
x1= 1.469   x2=  -5.54339

Original
#1 x(1.58982,0.10849) v(-0.0530655 , -1.00714) fit= 29.8999
#2 x(1.36109,1.0062) v(-0.32976 , 0.12325) fit= 14.7685
#3 x(1.062,1.3764) v(-0.969375 , 0.896056) fit= 12.3943
#4 x(-0.407657,2.78881) v(-3.28092 , 3.04834) fit= 12.5088
#5 x(4.94222,2.08446) v(10.343 , 1.83113) fit= 53.0224
#6 x(-0.429872,-3.07725) v(2.25251 , -15.5532) fit= 264.405

Ordenado
#1 x(1.062,1.3764) v(-0.969375 , 0.896056) fit= 12.3943
#2 x(-0.407657,2.78881) v(-3.28092 , 3.04834) fit= 12.5088
#3 x(1.36109,1.0062) v(-0.32976 , 0.12325) fit= 14.7685
#4 x(1.58982,0.10849) v(-0.0530655 , -1.00714) fit= 29.8999
#5 x(4.94222,2.08446) v(10.343 , 1.83113) fit= 53.0224
#6 x(-0.429872,-3.07725) v(2.25251 , -15.5532) fit= 264.405

--------Iteracion 8 -----------
Mejor: x(1.062 , 1.3764) fit= 12.3943
W= 0.901227

Particula: 1
rand1 = 0.454294  rand2 = 0.53782
	 v1= 0.901227*-0.969375+2*0.454294*(2.03138-1.062) +2*0.53782*(1.062-1.062)
	 v2= 0.901227*0.896056+2*0.454294*(0.480342-1.3764) +2*0.53782*(1.3764-1.3764)
v1= -0.969375  v2= 0.896056
x1= 1.06914   x2=  1.3698
*****Se cambio el mejor local*****

Particula: 2
rand1 = 0.88868  rand2 = 0.25449
	 v1= 0.901227*-3.28092+2*0.88868*(2.87326--0.407657) +2*0.25449*(1.062--0.407657)
	 v2= 0.901227*3.04834+2*0.88868*(-0.259531-2.78881) +2*0.25449*(1.3764-2.78881)
v1= -3.28092  v2= 3.04834
x1= 3.21489   x2=  -0.600831

Particula: 3
rand1 = 0.707903  rand2 = 0.51976
	 v1= 0.901227*-0.32976+2*0.707903*(1.69085-1.36109) +2*0.51976*(1.062-1.36109)
	 v2= 0.901227*0.12325+2*0.707903*(0.882953-1.0062) +2*0.51976*(1.3764-1.0062)
v1= -0.32976  v2= 0.12325
x1= 1.21987   x2=  1.32761
*****Se cambio el mejor local*****

Particula: 4
rand1 = 0.221568  rand2 = 0.40415
	 v1= 0.901227*-0.0530655+2*0.221568*(1.64288-1.58982) +2*0.40415*(1.062-1.58982)
	 v2= 0.901227*-1.00714+2*0.221568*(1.11563-0.10849) +2*0.40415*(1.3764-0.10849)
v1= -0.0530655  v2= -1.00714
x1= 1.13887   x2=  0.671979

Particula: 5
rand1 = 0.770313  rand2 = 0.322612
	 v1= 0.901227*10.343+2*0.770313*(-5.4008-4.94222) +2*0.322612*(1.062-4.94222)
	 v2= 0.901227*1.83113+2*0.770313*(0.253333-2.08446) +2*0.322612*(1.3764-2.08446)
v1= 10.343  v2= 1.83113
x1= -4.1747   x2=  0.456782
*****Se cambio el mejor local*****

Particula: 6
rand1 = 0.331171  rand2 = 0.414038
	 v1= 0.901227*2.25251+2*0.331171*(-2.68239--0.429872) +2*0.414038*(1.062--0.429872)
	 v2= 0.901227*-15.5532+2*0.331171*(12.4759--3.07725) +2*0.414038*(1.3764--3.07725)
v1= 2.25251  v2= -15.5532
x1= 1.3436   x2=  -3.10471
*****Se cambio el mejor local*****

Original
#1 x(1.06914,1.3698) v(0.00713551 , -0.00659579) fit= 12.41
#2 x(-0.407657,2.78881) v(-3.28092 , 3.04834) fit= 12.5088
#3 x(1.21987,1.32761) v(-0.141227 , 0.321402) fit= 11.2846
#4 x(1.58982,0.10849) v(-0.0530655 , -1.00714) fit= 29.8999
#5 x(-4.1747,0.456782) v(-9.11692 , -1.62768) fit= 271.511
#6 x(1.3436,-3.10471) v(1.77347 , -0.0274551) fit= 170.147

Ordenado
#1 x(1.21987,1.32761) v(-0.141227 , 0.321402) fit= 11.2846
#2 x(1.06914,1.3698) v(0.00713551 , -0.00659579) fit= 12.41
#3 x(-0.407657,2.78881) v(-3.28092 , 3.04834) fit= 12.5088
#4 x(1.58982,0.10849) v(-0.0530655 , -1.00714) fit= 29.8999
#5 x(1.3436,-3.10471) v(1.77347 , -0.0274551) fit= 170.147
#6 x(-4.1747,0.456782) v(-9.11692 , -1.62768) fit= 271.511

--------Iteracion 9 -----------
Mejor: x(1.21987 , 1.32761) fit= 11.2846
W= 0.177844

Particula: 1
rand1 = 0.903922  rand2 = 0.466773
	 v1= 0.177844*-0.141227+2*0.903922*(1.36109-1.21987) +2*0.466773*(1.21987-1.21987)
	 v2= 0.177844*0.321402+2*0.903922*(1.0062-1.32761) +2*0.466773*(1.32761-1.32761)
v1= -0.141227  v2= 0.321402
x1= 1.45007   x2=  0.803721

Particula: 2
rand1 = 0.605838  rand2 = 0.542635
	 v1= 0.177844*0.00713551+2*0.605838*(1.062-1.06914) +2*0.542635*(1.21987-1.06914)
	 v2= 0.177844*-0.00659579+2*0.605838*(1.3764-1.3698) +2*0.542635*(1.32761-1.3698)
v1= 0.00713551  v2= -0.00659579
x1= 1.22534   x2=  1.33083
*****Se cambio el mejor local*****

Particula: 3
rand1 = 0.437454  rand2 = 0.572436
	 v1= 0.177844*-3.28092+2*0.437454*(2.87326--0.407657) +2*0.572436*(1.21987--0.407657)
	 v2= 0.177844*3.04834+2*0.437454*(-0.259531-2.78881) +2*0.572436*(1.32761-2.78881)
v1= -3.28092  v2= 3.04834
x1= 3.74266   x2=  -1.00897

Particula: 4
rand1 = 0.650419  rand2 = 0.244964
	 v1= 0.177844*-0.0530655+2*0.650419*(1.64288-1.58982) +2*0.244964*(1.21987-1.58982)
	 v2= 0.177844*-1.00714+2*0.650419*(1.11563-0.10849) +2*0.244964*(1.32761-0.10849)
v1= -0.0530655  v2= -1.00714
x1= 1.46816   x2=  1.83678
*****Se cambio el mejor local*****

Particula: 5
rand1 = 0.213493  rand2 = 0.638395
	 v1= 0.177844*1.77347+2*0.213493*(-0.429872-1.3436) +2*0.638395*(1.21987-1.3436)
	 v2= 0.177844*-0.0274551+2*0.213493*(-3.07725--3.10471) +2*0.638395*(1.32761--3.10471)
v1= 1.77347  v2= -0.0274551
x1= 0.74377   x2=  2.56127
*****Se cambio el mejor local*****

Particula: 6
rand1 = 0.737411  rand2 = 0.942826
	 v1= 0.177844*-9.11692+2*0.737411*(4.94222--4.1747) +2*0.942826*(1.21987--4.1747)
	 v2= 0.177844*-1.62768+2*0.737411*(2.08446-0.456782) +2*0.942826*(1.32761-0.456782)
v1= -9.11692  v2= -1.62768
x1= 17.822   x2=  4.20991

Original
#1 x(1.21987,1.32761) v(-0.141227 , 0.321402) fit= 11.2846
#2 x(1.22534,1.33083) v(0.156208 , -0.0389755) fit= 11.1755
#3 x(-0.407657,2.78881) v(-3.28092 , 3.04834) fit= 12.5088
#4 x(1.46816,1.83678) v(-0.121657 , 1.72829) fit= 3.50471
#5 x(0.74377,2.56127) v(-0.599831 , 5.66598) fit= 2.19002
#6 x(-4.1747,0.456782) v(-9.11692 , -1.62768) fit= 271.511

Ordenado
#1 x(0.74377,2.56127) v(-0.599831 , 5.66598) fit= 2.19002
#2 x(1.46816,1.83678) v(-0.121657 , 1.72829) fit= 3.50471
#3 x(1.22534,1.33083) v(0.156208 , -0.0389755) fit= 11.1755
#4 x(1.21987,1.32761) v(-0.141227 , 0.321402) fit= 11.2846
#5 x(-0.407657,2.78881) v(-3.28092 , 3.04834) fit= 12.5088
#6 x(-4.1747,0.456782) v(-9.11692 , -1.62768) fit= 271.511

--------Iteracion 10 -----------
Mejor: x(0.74377 , 2.56127) fit= 2.19002
W= 0.148035

Particula: 1
rand1 = 0.615869  rand2 = 0.610238
	 v1= 0.148035*-0.599831+2*0.615869*(1.3436-0.74377) +2*0.610238*(0.74377-0.74377)
	 v2= 0.148035*5.66598+2*0.615869*(-3.10471-2.56127) +2*0.610238*(2.56127-2.56127)
v1= -0.599831  v2= 5.66598
x1= 1.39381   x2=  -3.57897

Particula: 2
rand1 = 0.476554  rand2 = 0.903502
	 v1= 0.148035*-0.121657+2*0.476554*(1.58982-1.46816) +2*0.903502*(0.74377-1.46816)
	 v2= 0.148035*1.72829+2*0.476554*(0.10849-1.83678) +2*0.903502*(2.56127-1.83678)
v1= -0.121657  v2= 1.72829
x1= 0.257127   x2=  1.75454
*****Se cambio el mejor local*****

Particula: 3
rand1 = 0.511466  rand2 = 0.930848
	 v1= 0.148035*0.156208+2*0.511466*(1.06914-1.22534) +2*0.930848*(0.74377-1.22534)
	 v2= 0.148035*-0.0389755+2*0.511466*(1.3698-1.33083) +2*0.930848*(2.56127-1.33083)
v1= 0.156208  v2= -0.0389755
x1= 0.192135   x2=  3.65564
*****Se cambio el mejor local*****

Particula: 4
rand1 = 0.441322  rand2 = 0.400146
	 v1= 0.148035*-0.141227+2*0.441322*(1.36109-1.21987) +2*0.400146*(0.74377-1.21987)
	 v2= 0.148035*0.321402+2*0.441322*(1.0062-1.32761) +2*0.400146*(2.56127-1.32761)
v1= -0.141227  v2= 0.321402
x1= 0.942597   x2=  2.07879
*****Se cambio el mejor local*****

Particula: 5
rand1 = 0.185339  rand2 = 0.149225
	 v1= 0.148035*-3.28092+2*0.185339*(2.87326--0.407657) +2*0.149225*(0.74377--0.407657)
	 v2= 0.148035*3.04834+2*0.185339*(-0.259531-2.78881) +2*0.149225*(2.56127-2.78881)
v1= -3.28092  v2= 3.04834
x1= 0.666457   x2=  2.04221
*****Se cambio el mejor local*****

Particula: 6
rand1 = 0.919906  rand2 = 0.406907
	 v1= 0.148035*-9.11692+2*0.919906*(4.94222--4.1747) +2*0.406907*(0.74377--4.1747)
	 v2= 0.148035*-1.62768+2*0.919906*(2.08446-0.456782) +2*0.406907*(2.56127-0.456782)
v1= -9.11692  v2= -1.62768
x1= 15.2518   x2=  4.92311

Original
#1 x(0.74377,2.56127) v(-0.599831 , 5.66598) fit= 2.19002
#2 x(0.257127,1.75454) v(-1.21103 , -0.0822356) fit= 17.9169
#3 x(0.192135,3.65564) v(-1.03321 , 2.32481) fit= 1.1752
#4 x(0.942597,2.07879) v(-0.277269 , 0.751186) fit= 4.68264
#5 x(0.666457,2.04221) v(1.07411 , -0.746597) fit= 7.69877
#6 x(-4.1747,0.456782) v(-9.11692 , -1.62768) fit= 271.511

Ordenado
#1 x(0.192135,3.65564) v(-1.03321 , 2.32481) fit= 1.1752
#2 x(0.74377,2.56127) v(-0.599831 , 5.66598) fit= 2.19002
#3 x(0.942597,2.07879) v(-0.277269 , 0.751186) fit= 4.68264
#4 x(0.666457,2.04221) v(1.07411 , -0.746597) fit= 7.69877
#5 x(0.257127,1.75454) v(-1.21103 , -0.0822356) fit= 17.9169
#6 x(-4.1747,0.456782) v(-9.11692 , -1.62768) fit= 271.511

--------Iteracion 11 -----------
Mejor: x(0.192135 , 3.65564) fit= 1.1752
W= 0.553375

Particula: 1
rand1 = 0.690219  rand2 = 0.729519
	 v1= 0.553375*-1.03321+2*0.690219*(1.22534-0.192135) +2*0.729519*(0.192135-0.192135)
	 v2= 0.553375*2.32481+2*0.690219*(1.33083-3.65564) +2*0.729519*(3.65564-3.65564)
v1= -1.03321  v2= 2.32481
x1= 1.04666   x2=  1.73287
*****Se cambio el mejor local*****

Particula: 2
rand1 = 0.884546  rand2 = 0.104256
	 v1= 0.553375*-0.599831+2*0.884546*(1.3436-0.74377) +2*0.104256*(0.192135-0.74377)
	 v2= 0.553375*5.66598+2*0.884546*(-3.10471-2.56127) +2*0.104256*(3.65564-2.56127)
v1= -0.599831  v2= 5.66598
x1= 1.35797   x2=  -4.09877

Particula: 3
rand1 = 0.907362  rand2 = 0.788468
	 v1= 0.553375*-0.277269+2*0.907362*(1.21987-0.942597) +2*0.788468*(0.192135-0.942597)
	 v2= 0.553375*0.751186+2*0.907362*(1.32761-2.07879) +2*0.788468*(3.65564-2.07879)
v1= -0.277269  v2= 0.751186
x1= 0.1089   x2=  3.61787
*****Se cambio el mejor local*****

Particula: 4
rand1 = 0.571029  rand2 = 0.5132
	 v1= 0.553375*1.07411+2*0.571029*(-0.407657-0.666457) +2*0.5132*(0.192135-0.666457)
	 v2= 0.553375*-0.746597+2*0.571029*(2.78881-2.04221) +2*0.5132*(3.65564-2.04221)
v1= 1.07411  v2= -0.746597
x1= -0.452701   x2=  4.13774
*****Se cambio el mejor local*****

Particula: 5
rand1 = 0.331103  rand2 = 0.00848364
	 v1= 0.553375*-1.21103+2*0.331103*(1.46816-0.257127) +2*0.00848364*(0.192135-0.257127)
	 v2= 0.553375*-0.0822356+2*0.331103*(1.83678-1.75454) +2*0.00848364*(3.65564-1.75454)
v1= -1.21103  v2= -0.0822356
x1= 0.387822   x2=  1.79575

Particula: 6
rand1 = 0.0856357  rand2 = 0.981522
	 v1= 0.553375*-9.11692+2*0.0856357*(4.94222--4.1747) +2*0.981522*(0.192135--4.1747)
	 v2= 0.553375*-1.62768+2*0.0856357*(2.08446-0.456782) +2*0.981522*(3.65564-0.456782)
v1= -9.11692  v2= -1.62768
x1= 0.913981   x2=  6.11434
*****Se cambio el mejor local*****

Original
#1 x(1.04666,1.73287) v(0.854527 , -1.92276) fit= 7.56591
#2 x(0.74377,2.56127) v(-0.599831 , 5.66598) fit= 2.19002
#3 x(0.1089,3.61787) v(-0.833698 , 1.53908) fit= 1.47444
#4 x(-0.452701,4.13774) v(-1.11916 , 2.09553) fit= 3.80159
#5 x(0.257127,1.75454) v(-1.21103 , -0.0822356) fit= 17.9169
#6 x(0.913981,6.11434) v(5.08868 , 5.65755) fit= 46.3893

Ordenado
#1 x(0.1089,3.61787) v(-0.833698 , 1.53908) fit= 1.47444
#2 x(0.74377,2.56127) v(-0.599831 , 5.66598) fit= 2.19002
#3 x(-0.452701,4.13774) v(-1.11916 , 2.09553) fit= 3.80159
#4 x(1.04666,1.73287) v(0.854527 , -1.92276) fit= 7.56591
#5 x(0.257127,1.75454) v(-1.21103 , -0.0822356) fit= 17.9169
#6 x(0.913981,6.11434) v(5.08868 , 5.65755) fit= 46.3893

--------Iteracion 12 -----------
Mejor: x(0.1089 , 3.61787) fit= 1.47444
W= 0.253448

Particula: 1
rand1 = 0.299129  rand2 = 0.619917
	 v1= 0.253448*-0.833698+2*0.299129*(0.942597-0.1089) +2*0.619917*(0.1089-0.1089)
	 v2= 0.253448*1.53908+2*0.299129*(2.07879-3.61787) +2*0.619917*(3.61787-3.61787)
v1= -0.833698  v2= 1.53908
x1= 0.396367   x2=  3.08718
*****Se cambio el mejor local*****

Particula: 2
rand1 = 0.990859  rand2 = 0.241955
	 v1= 0.253448*-0.599831+2*0.990859*(1.3436-0.74377) +2*0.241955*(0.1089-0.74377)
	 v2= 0.253448*5.66598+2*0.990859*(-3.10471-2.56127) +2*0.241955*(3.61787-2.56127)
v1= -0.599831  v2= 5.66598
x1= 1.47322   x2=  -6.71976

Particula: 3
rand1 = 0.767952  rand2 = 0.606728
	 v1= 0.253448*-1.11916+2*0.767952*(0.666457--0.452701) +2*0.606728*(0.1089--0.452701)
	 v2= 0.253448*2.09553+2*0.767952*(2.04221-4.13774) +2*0.606728*(3.61787-4.13774)
v1= -1.11916  v2= 2.09553
x1= 1.66405   x2=  0.819471

Particula: 4
rand1 = 0.852193  rand2 = 0.244506
	 v1= 0.253448*0.854527+2*0.852193*(0.192135-1.04666) +2*0.244506*(0.1089-1.04666)
	 v2= 0.253448*-1.92276+2*0.852193*(3.65564-1.73287) +2*0.244506*(3.61787-1.73287)
v1= 0.854527  v2= -1.92276
x1= -0.651783   x2=  5.44447

Particula: 5
rand1 = 0.51023  rand2 = 0.363659
	 v1= 0.253448*-1.21103+2*0.51023*(1.46816-0.257127) +2*0.363659*(0.1089-0.257127)
	 v2= 0.253448*-0.0822356+2*0.51023*(1.83678-1.75454) +2*0.363659*(3.61787-1.75454)
v1= -1.21103  v2= -0.0822356
x1= 1.07819   x2=  3.17285
*****Se cambio el mejor local*****

Particula: 6
rand1 = 0.175355  rand2 = 0.951552
	 v1= 0.253448*5.08868+2*0.175355*(-4.1747-0.913981) +2*0.951552*(0.1089-0.913981)
	 v2= 0.253448*5.65755+2*0.175355*(0.456782-6.11434) +2*0.951552*(3.61787-6.11434)
v1= 5.08868  v2= 5.65755
x1= -1.1131   x2=  0.813041
*****Se cambio el mejor local*****

Original
#1 x(0.396367,3.08718) v(0.287468 , -0.53069) fit= 1.43887
#2 x(0.74377,2.56127) v(-0.599831 , 5.66598) fit= 2.19002
#3 x(-0.452701,4.13774) v(-1.11916 , 2.09553) fit= 3.80159
#4 x(1.04666,1.73287) v(0.854527 , -1.92276) fit= 7.56591
#5 x(1.07819,3.17285) v(0.821068 , 1.41831) fit= 0.288085
#6 x(-1.1131,0.813041) v(-2.02709 , -5.30129) fit= 83.2102

Ordenado
#1 x(1.07819,3.17285) v(0.821068 , 1.41831) fit= 0.288085
#2 x(0.396367,3.08718) v(0.287468 , -0.53069) fit= 1.43887
#3 x(0.74377,2.56127) v(-0.599831 , 5.66598) fit= 2.19002
#4 x(-0.452701,4.13774) v(-1.11916 , 2.09553) fit= 3.80159
#5 x(1.04666,1.73287) v(0.854527 , -1.92276) fit= 7.56591
#6 x(-1.1131,0.813041) v(-2.02709 , -5.30129) fit= 83.2102

--------Iteracion 13 -----------
Mejor: x(1.07819 , 3.17285) fit= 0.288085
W= 0.763805

Particula: 1
rand1 = 0.360693  rand2 = 0.100777
	 v1= 0.763805*0.821068+2*0.360693*(0.257127-1.07819) +2*0.100777*(1.07819-1.07819)
	 v2= 0.763805*1.41831+2*0.360693*(1.75454-3.17285) +2*0.100777*(3.17285-3.17285)
v1= 0.821068  v2= 1.41831
x1= 1.11302   x2=  3.23301
*****Se cambio el mejor local*****

Particula: 2
rand1 = 0.68371  rand2 = 0.7676
	 v1= 0.763805*0.287468+2*0.68371*(0.1089-0.396367) +2*0.7676*(1.07819-0.396367)
	 v2= 0.763805*-0.53069+2*0.68371*(3.61787-3.08718) +2*0.7676*(3.17285-3.08718)
v1= 0.287468  v2= -0.53069
x1= 1.26959   x2=  3.53903

Particula: 3
rand1 = 0.654152  rand2 = 0.373929
	 v1= 0.763805*-0.599831+2*0.654152*(1.3436-0.74377) +2*0.373929*(1.07819-0.74377)
	 v2= 0.763805*5.66598+2*0.654152*(-3.10471-2.56127) +2*0.373929*(3.17285-2.56127)
v1= -0.599831  v2= 5.66598
x1= 1.32048   x2=  -0.0664787
*****Se cambio el mejor local*****

Particula: 4
rand1 = 0.497119  rand2 = 0.538698
	 v1= 0.763805*-1.11916+2*0.497119*(0.666457--0.452701) +2*0.538698*(1.07819--0.452701)
	 v2= 0.763805*2.09553+2*0.497119*(2.04221-4.13774) +2*0.538698*(3.17285-4.13774)
v1= -1.11916  v2= 2.09553
x1= 1.45457   x2=  2.61529
*****Se cambio el mejor local*****

Particula: 5
rand1 = 0.478185  rand2 = 0.404481
	 v1= 0.763805*0.854527+2*0.478185*(0.192135-1.04666) +2*0.404481*(1.07819-1.04666)
	 v2= 0.763805*-1.92276+2*0.478185*(3.65564-1.73287) +2*0.404481*(3.17285-1.73287)
v1= 0.854527  v2= -1.92276
x1= 0.907619   x2=  3.26802
*****Se cambio el mejor local*****

Particula: 6
rand1 = 0.327167  rand2 = 0.0492141
	 v1= 0.763805*-2.02709+2*0.327167*(0.913981--1.1131) +2*0.0492141*(1.07819--1.1131)
	 v2= 0.763805*-5.30129+2*0.327167*(6.11434-0.813041) +2*0.0492141*(3.17285-0.813041)
v1= -2.02709  v2= -5.30129
x1= -1.11933   x2=  0.464972

Original
#1 x(1.11302,3.23301) v(0.0348282 , 0.0601621) fit= 0.546029
#2 x(0.396367,3.08718) v(0.287468 , -0.53069) fit= 1.43887
#3 x(1.32048,-0.0664787) v(0.57671 , -2.62775) fit= 39.668
#4 x(1.45457,2.61529) v(1.90727 , -1.52245) fit= 0.374161
#5 x(0.907619,3.26802) v(-0.139043 , 1.53514) fit= 0.20376
#6 x(-1.1131,0.813041) v(-2.02709 , -5.30129) fit= 83.2102

Ordenado
#1 x(0.907619,3.26802) v(-0.139043 , 1.53514) fit= 0.20376
#2 x(1.45457,2.61529) v(1.90727 , -1.52245) fit= 0.374161
#3 x(1.11302,3.23301) v(0.0348282 , 0.0601621) fit= 0.546029
#4 x(0.396367,3.08718) v(0.287468 , -0.53069) fit= 1.43887
#5 x(1.32048,-0.0664787) v(0.57671 , -2.62775) fit= 39.668
#6 x(-1.1131,0.813041) v(-2.02709 , -5.30129) fit= 83.2102

--------Iteracion 14 -----------
Mejor: x(0.907619 , 3.26802) fit= 0.20376
W= 0.917681

Particula: 1
rand1 = 0.658269  rand2 = 0.0576977
	 v1= 0.917681*-0.139043+2*0.658269*(1.04666-0.907619) +2*0.0576977*(0.907619-0.907619)
	 v2= 0.917681*1.53514+2*0.658269*(1.73287-3.26802) +2*0.0576977*(3.26802-3.26802)
v1= -0.139043  v2= 1.53514
x1= 0.963077   x2=  2.65571
*****Se cambio el mejor local*****

Particula: 2
rand1 = 0.00331709  rand2 = 0.639791
	 v1= 0.917681*1.90727+2*0.00331709*(-0.452701-1.45457) +2*0.639791*(0.907619-1.45457)
	 v2= 0.917681*-1.52245+2*0.00331709*(4.13774-2.61529) +2*0.639791*(3.26802-2.61529)
v1= 1.90727  v2= -1.52245
x1= 2.49232   x2=  2.06348

Particula: 3
rand1 = 0.311146  rand2 = 0.302446
	 v1= 0.917681*0.0348282+2*0.311146*(1.07819-1.11302) +2*0.302446*(0.907619-1.11302)
	 v2= 0.917681*0.0601621+2*0.311146*(3.17285-3.23301) +2*0.302446*(3.26802-3.23301)
v1= 0.0348282  v2= 0.0601621
x1= 0.999064   x2=  3.27196

Particula: 4
rand1 = 0.259709  rand2 = 0.302004
	 v1= 0.917681*0.287468+2*0.259709*(0.1089-0.396367) +2*0.302004*(0.907619-0.396367)
	 v2= 0.917681*-0.53069+2*0.259709*(3.61787-3.08718) +2*0.302004*(3.26802-3.08718)
v1= 0.287468  v2= -0.53069
x1= 0.819656   x2=  2.98505
*****Se cambio el mejor local*****

Particula: 5
rand1 = 0.544401  rand2 = 0.027661
	 v1= 0.917681*0.57671+2*0.544401*(0.74377-1.32048) +2*0.027661*(0.907619-1.32048)
	 v2= 0.917681*-2.62775+2*0.544401*(2.56127--0.0664787) +2*0.027661*(3.26802--0.0664787)
v1= 0.57671  v2= -2.62775
x1= 1.19895   x2=  0.567656

Particula: 6
rand1 = 0.908732  rand2 = 0.396595
	 v1= 0.917681*-2.02709+2*0.908732*(0.913981--1.1131) +2*0.396595*(0.907619--1.1131)
	 v2= 0.917681*-5.30129+2*0.908732*(6.11434-0.813041) +2*0.396595*(3.26802-0.813041)
v1= -2.02709  v2= -5.30129
x1= 2.31365   x2=  7.53032

Original
#1 x(0.963077,2.65571) v(0.0554584 , -0.612303) fit= 0.701176
#2 x(1.45457,2.61529) v(1.90727 , -1.52245) fit= 0.374161
#3 x(1.11302,3.23301) v(0.0348282 , 0.0601621) fit= 0.546029
#4 x(0.819656,2.98505) v(0.423289 , -0.102127) fit= 0.185303
#5 x(1.32048,-0.0664787) v(0.57671 , -2.62775) fit= 39.668
#6 x(-1.1131,0.813041) v(-2.02709 , -5.30129) fit= 83.2102

Ordenado
#1 x(0.819656,2.98505) v(0.423289 , -0.102127) fit= 0.185303
#2 x(1.45457,2.61529) v(1.90727 , -1.52245) fit= 0.374161
#3 x(1.11302,3.23301) v(0.0348282 , 0.0601621) fit= 0.546029
#4 x(0.963077,2.65571) v(0.0554584 , -0.612303) fit= 0.701176
#5 x(1.32048,-0.0664787) v(0.57671 , -2.62775) fit= 39.668
#6 x(-1.1131,0.813041) v(-2.02709 , -5.30129) fit= 83.2102

--------Iteracion 15 -----------
Mejor: x(0.819656 , 2.98505) fit= 0.185303
W= 0.272167

Particula: 1
rand1 = 0.418962  rand2 = 0.760254
	 v1= 0.272167*0.423289+2*0.418962*(0.396367-0.819656) +2*0.760254*(0.819656-0.819656)
	 v2= 0.272167*-0.102127+2*0.418962*(3.08718-2.98505) +2*0.760254*(2.98505-2.98505)
v1= 0.423289  v2= -0.102127
x1= 0.580177   x2=  3.04283
*****Se cambio el mejor local*****

Particula: 2
rand1 = 0.447522  rand2 = 0.370514
	 v1= 0.272167*1.90727+2*0.447522*(-0.452701-1.45457) +2*0.370514*(0.819656-1.45457)
	 v2= 0.272167*-1.52245+2*0.447522*(4.13774-2.61529) +2*0.370514*(2.98505-2.61529)
v1= 1.90727  v2= -1.52245
x1= -0.203915   x2=  3.83759
*****Se cambio el mejor local*****

Particula: 3
rand1 = 0.524059  rand2 = 0.808215
	 v1= 0.272167*0.0348282+2*0.524059*(1.07819-1.11302) +2*0.808215*(0.819656-1.11302)
	 v2= 0.272167*0.0601621+2*0.524059*(3.17285-3.23301) +2*0.808215*(2.98505-3.23301)
v1= 0.0348282  v2= 0.0601621
x1= 0.61179   x2=  2.78552

Particula: 4
rand1 = 0.471292  rand2 = 0.207769
	 v1= 0.272167*0.0554584+2*0.471292*(0.907619-0.963077) +2*0.207769*(0.819656-0.963077)
	 v2= 0.272167*-0.612303+2*0.471292*(3.26802-2.65571) +2*0.207769*(2.98505-2.65571)
v1= 0.0554584  v2= -0.612303
x1= 0.8663   x2=  3.20306
*****Se cambio el mejor local*****

Particula: 5
rand1 = 0.575815  rand2 = 0.125444
	 v1= 0.272167*0.57671+2*0.575815*(0.74377-1.32048) +2*0.125444*(0.819656-1.32048)
	 v2= 0.272167*-2.62775+2*0.575815*(2.56127--0.0664787) +2*0.125444*(2.98505--0.0664787)
v1= 0.57671  v2= -2.62775
x1= 0.687634   x2=  3.01012
*****Se cambio el mejor local*****

Particula: 6
rand1 = 0.581697  rand2 = 0.0729342
	 v1= 0.272167*-2.02709+2*0.581697*(0.913981--1.1131) +2*0.0729342*(0.819656--1.1131)
	 v2= 0.272167*-5.30129+2*0.581697*(6.11434-0.813041) +2*0.0729342*(2.98505-0.813041)
v1= -2.02709  v2= -5.30129
x1= 0.975419   x2=  5.85453
*****Se cambio el mejor local*****

Original
#1 x(0.580177,3.04283) v(-0.239479 , 0.0577792) fit= 0.746575
#2 x(-0.203915,3.83759) v(-1.65849 , 1.2223) fit= 2.68774
#3 x(1.11302,3.23301) v(0.0348282 , 0.0601621) fit= 0.546029
#4 x(0.8663,3.20306) v(-0.0967772 , 0.54735) fit= 0.0783565
#5 x(0.687634,3.01012) v(-0.632846 , 3.0766) fit= 0.463082
#6 x(0.975419,5.85453) v(2.08852 , 5.04149) fit= 40.1833

Ordenado
#1 x(0.8663,3.20306) v(-0.0967772 , 0.54735) fit= 0.0783565
#2 x(0.687634,3.01012) v(-0.632846 , 3.0766) fit= 0.463082
#3 x(1.11302,3.23301) v(0.0348282 , 0.0601621) fit= 0.546029
#4 x(0.580177,3.04283) v(-0.239479 , 0.0577792) fit= 0.746575
#5 x(-0.203915,3.83759) v(-1.65849 , 1.2223) fit= 2.68774
#6 x(0.975419,5.85453) v(2.08852 , 5.04149) fit= 40.1833

--------Iteracion 16 -----------
Mejor: x(0.8663 , 3.20306) fit= 0.0783565
W= 0.664142

Particula: 1
rand1 = 0.0598823  rand2 = 0.477416
	 v1= 0.664142*-0.0967772+2*0.0598823*(0.963077-0.8663) +2*0.477416*(0.8663-0.8663)
	 v2= 0.664142*0.54735+2*0.0598823*(2.65571-3.20306) +2*0.477416*(3.20306-3.20306)
v1= -0.0967772  v2= 0.54735
x1= 0.813617   x2=  3.50103
*****Se cambio el mejor local*****

Particula: 2
rand1 = 0.991309  rand2 = 0.109096
