0	0	0	0	0	0	0	0	0	0	0
0	0	12	3	23	1	5	23	56	12	11
0	12	0	9	18	3	41	45	5	41	27
0	3	9	0	89	56	21	12	48	14	29
0	23	18	89	0	87	46	75	17	50	42
0	1	3	56	87	0	55	22	86	14	33
0	5	41	21	46	55	0	21	76	54	81
0	23	45	12	75	22	21	0	11	57	48
0	56	5	48	17	86	76	11	0	63	24
0	12	41	14	50	14	54	57	63	0	9
0	11	27	29	42	33	81	48	24	9	0